42, 194710, 10, 0, 0, 40
57, 372967, 6, 0, 0, 70
49, 32212, 9, 0, 0, 43
22, 201569, 13, 0, 0, 20
28, 297742, 10, 0, 0, 40
22, 137862, 10, 0, 0, 16
19, 98605, 10, 0, 0, 20
51, 215647, 9, 0, 0, 43
40, 343068, 10, 0, 0, 40
42, 123816, 9, 0, 0, 40
60, 139586, 11, 0, 0, 40
36, 282092, 12, 0, 0, 40
28, 377095, 13, 0, 0, 40
31, 185480, 9, 0, 0, 40
31, 87535, 10, 0, 0, 25
23, 193090, 10, 3674, 0, 40
47, 287828, 13, 0, 0, 40
53, 248834, 13, 0, 0, 50
25, 193773, 9, 0, 0, 35
25, 195914, 10, 3418, 0, 30
19, 109005, 10, 0, 0, 40
24, 169624, 9, 0, 0, 37
18, 80163, 10, 0, 0, 20
21, 197182, 12, 0, 0, 40
50, 137253, 13, 0, 0, 40
41, 197919, 9, 0, 0, 60
45, 75673, 11, 0, 0, 40
51, 47415, 12, 0, 1628, 30
18, 230373, 7, 594, 0, 4
43, 219424, 13, 0, 0, 50
18, 110142, 9, 0, 0, 30
58, 224854, 9, 0, 0, 40
36, 139770, 10, 0, 0, 32
19, 227491, 9, 0, 0, 40
23, 103064, 13, 0, 0, 40
50, 209464, 9, 0, 0, 35
41, 306405, 10, 0, 0, 40
31, 162442, 13, 0, 0, 40
35, 106967, 14, 0, 0, 40
43, 173321, 9, 0, 0, 40
40, 140559, 9, 0, 0, 25
19, 55284, 9, 0, 0, 35
34, 48014, 13, 0, 0, 35
20, 212668, 10, 0, 0, 30
29, 157612, 13, 3325, 0, 45
23, 151910, 13, 0, 1719, 40
24, 212300, 9, 0, 0, 38
38, 185394, 13, 7688, 0, 40
61, 202202, 9, 0, 0, 40
28, 46868, 14, 0, 0, 40
30, 226943, 9, 0, 0, 35
56, 51662, 7, 0, 0, 40
42, 167581, 13, 0, 0, 40
36, 179896, 9, 3137, 0, 40
60, 101096, 16, 0, 0, 65
32, 205528, 9, 0, 0, 40
20, 120572, 10, 0, 0, 12
37, 113120, 11, 0, 0, 40
26, 117833, 13, 0, 1669, 50
50, 155118, 9, 99999, 0, 35
35, 148903, 9, 0, 0, 16
49, 225124, 9, 0, 0, 40
27, 172009, 13, 0, 0, 40
23, 344394, 10, 0, 0, 40
39, 189911, 7, 0, 0, 40
39, 183092, 16, 0, 0, 40
54, 306985, 10, 0, 0, 40
25, 211231, 9, 0, 0, 48
64, 221343, 2, 0, 0, 12
40, 182460, 14, 0, 0, 38
28, 69621, 12, 0, 0, 60
41, 340148, 10, 0, 0, 45
41, 299813, 5, 0, 0, 70
37, 334314, 9, 0, 0, 40
51, 136836, 12, 0, 0, 30
21, 252253, 10, 0, 0, 40
62, 113443, 14, 10520, 0, 33
54, 188136, 13, 0, 1408, 38
27, 77774, 9, 0, 0, 34
24, 191948, 9, 0, 0, 30
49, 328776, 9, 0, 0, 40
29, 77572, 12, 0, 0, 40
29, 138332, 10, 0, 0, 6
23, 220912, 13, 0, 0, 40
49, 186982, 10, 0, 0, 45
40, 289748, 13, 4650, 0, 48
46, 126513, 9, 0, 0, 40
17, 114798, 6, 0, 0, 20
38, 309122, 6, 0, 0, 40
20, 200061, 10, 0, 0, 40
18, 96483, 9, 0, 0, 20
34, 81223, 9, 0, 0, 48
20, 190772, 12, 0, 0, 40
34, 159442, 9, 0, 0, 30
39, 202937, 10, 0, 0, 40
31, 43819, 13, 7688, 0, 43
25, 419658, 9, 0, 0, 8
29, 135296, 13, 0, 2258, 45
62, 33365, 9, 0, 0, 40
34, 32528, 11, 0, 974, 40
28, 261725, 9, 0, 0, 40
35, 243357, 7, 0, 0, 40
47, 105381, 9, 0, 0, 40
27, 126060, 9, 0, 0, 40
50, 73493, 10, 0, 0, 40
52, 153751, 5, 0, 0, 30
44, 216411, 11, 0, 0, 40
38, 312108, 9, 0, 0, 40
54, 111469, 10, 0, 0, 40
35, 94529, 9, 0, 0, 40
22, 369549, 10, 0, 0, 30
26, 137658, 13, 0, 0, 45
18, 165754, 10, 0, 0, 30
70, 158642, 9, 2993, 0, 20
26, 80485, 13, 0, 0, 38
74, 392886, 9, 0, 0, 14
31, 127595, 9, 0, 0, 40
19, 43285, 10, 0, 0, 20
28, 175710, 13, 0, 0, 40
46, 167381, 9, 0, 0, 40
26, 60722, 13, 0, 0, 40
23, 193586, 9, 3908, 0, 40
27, 150080, 13, 0, 0, 40
31, 110554, 9, 4386, 0, 40
74, 104661, 10, 0, 0, 12
64, 285052, 10, 0, 0, 10
50, 111700, 14, 0, 0, 50
34, 179378, 9, 0, 0, 40
23, 375871, 9, 0, 0, 40
46, 166809, 9, 0, 0, 40
38, 252897, 10, 0, 0, 25
42, 109912, 12, 0, 0, 40
47, 93476, 13, 0, 0, 70
24, 197666, 13, 0, 0, 40
28, 116372, 13, 0, 0, 60
45, 135776, 14, 0, 0, 30
81, 123959, 13, 0, 1668, 3
28, 153475, 13, 0, 0, 16
33, 31481, 13, 0, 0, 24
51, 205100, 9, 0, 0, 40
70, 220589, 10, 0, 0, 12
31, 197689, 9, 0, 0, 38
47, 184005, 9, 3325, 0, 45
38, 137707, 11, 0, 0, 40
62, 159841, 9, 0, 0, 24
59, 261584, 13, 0, 0, 40
40, 108765, 11, 0, 0, 40
66, 78855, 9, 0, 0, 40
20, 81853, 10, 0, 0, 15
44, 193425, 14, 4386, 0, 40
90, 175444, 4, 0, 0, 15
54, 155433, 9, 0, 0, 35
32, 168906, 12, 0, 0, 40
43, 115178, 11, 0, 0, 40
57, 197642, 10, 0, 0, 40
41, 180272, 14, 0, 0, 35
50, 225772, 16, 0, 0, 60
36, 53606, 11, 3908, 0, 8
40, 141537, 6, 0, 0, 40
19, 264390, 10, 0, 2001, 40
47, 181342, 9, 0, 0, 40
49, 50748, 13, 1506, 0, 35
19, 69927, 9, 0, 0, 16
22, 218215, 10, 0, 0, 40
74, 88638, 16, 0, 3683, 20
61, 162432, 9, 0, 0, 40
42, 185602, 9, 0, 0, 40
35, 101509, 10, 0, 0, 40
40, 70645, 10, 0, 0, 20
28, 33035, 8, 0, 0, 30
73, 139049, 9, 0, 0, 22
51, 282680, 16, 0, 1564, 70
25, 110978, 12, 0, 0, 37
19, 52114, 10, 0, 0, 10
46, 133616, 10, 0, 0, 40
46, 188027, 10, 0, 0, 45
40, 346964, 9, 0, 0, 40
21, 50341, 10, 0, 0, 38
17, 225507, 7, 0, 0, 15
32, 402089, 13, 0, 0, 2
21, 169699, 10, 0, 0, 35
30, 66194, 13, 0, 0, 60
39, 142897, 11, 0, 0, 50
37, 161226, 9, 0, 0, 30
30, 118056, 10, 0, 0, 45
41, 138907, 9, 0, 0, 40
30, 176410, 11, 7298, 0, 16
27, 194773, 14, 0, 0, 50
43, 188199, 5, 0, 0, 40
20, 218215, 10, 0, 0, 40
30, 31985, 10, 0, 0, 40
35, 226311, 10, 0, 0, 38
42, 195821, 9, 0, 0, 40
52, 140985, 13, 99999, 0, 30
36, 146625, 7, 0, 0, 12
22, 223019, 9, 0, 0, 20
34, 167497, 10, 7688, 0, 50
56, 34626, 10, 0, 1980, 40
19, 257750, 10, 0, 0, 25
38, 22494, 10, 7443, 0, 40
75, 260543, 6, 0, 0, 1
20, 117789, 10, 0, 0, 40
39, 56118, 9, 0, 0, 40
33, 159548, 12, 0, 0, 40
38, 95654, 9, 0, 0, 60
45, 132563, 15, 0, 1726, 40
19, 210308, 10, 0, 1721, 30
18, 163787, 9, 0, 0, 40
23, 203139, 10, 0, 0, 40
32, 172415, 9, 0, 0, 40
23, 250630, 14, 0, 0, 30
30, 280927, 13, 0, 0, 40
42, 42703, 9, 0, 0, 40
46, 166181, 10, 0, 0, 36
19, 106273, 10, 0, 0, 38
55, 143030, 9, 0, 0, 40
52, 270142, 11, 0, 0, 60
24, 72143, 13, 0, 0, 20
28, 84657, 13, 0, 0, 40
19, 307496, 10, 0, 0, 16
21, 161930, 9, 0, 1504, 30
33, 185336, 11, 0, 0, 40
21, 273403, 11, 0, 0, 50
25, 230856, 9, 0, 0, 40
35, 374716, 5, 0, 0, 35
70, 170428, 13, 0, 0, 20
36, 214807, 9, 0, 0, 37
48, 207982, 10, 0, 0, 40
56, 135458, 9, 0, 0, 40
35, 178948, 14, 0, 0, 32
62, 116104, 9, 0, 0, 20
58, 366324, 10, 0, 0, 30
25, 95691, 9, 0, 0, 30
29, 201454, 10, 0, 0, 40
51, 244572, 9, 0, 0, 37
41, 152880, 9, 0, 0, 28
38, 175972, 10, 0, 0, 40
46, 188161, 9, 0, 0, 40
68, 232151, 10, 2346, 0, 40
26, 150361, 10, 0, 0, 40
72, 426562, 7, 0, 0, 35
68, 229016, 9, 0, 0, 25
44, 442035, 10, 0, 0, 40
30, 165235, 13, 0, 0, 40
35, 108293, 10, 0, 2205, 40
27, 660870, 13, 0, 0, 60
32, 169973, 14, 0, 0, 38
68, 198554, 10, 0, 0, 20
42, 262402, 13, 0, 0, 40
36, 94954, 9, 0, 0, 40
49, 148475, 11, 0, 0, 40
79, 144533, 9, 0, 0, 30
22, 212114, 13, 0, 0, 15
38, 31603, 13, 0, 0, 40
48, 204990, 9, 0, 0, 33
33, 202366, 9, 0, 0, 32
34, 167999, 9, 0, 0, 33
47, 164423, 9, 0, 0, 43
32, 209432, 9, 0, 0, 40
27, 232782, 10, 0, 0, 40
31, 96480, 9, 0, 0, 50
23, 234460, 4, 0, 0, 40
19, 306467, 10, 0, 0, 20
39, 257175, 13, 0, 625, 40
42, 138662, 10, 0, 0, 40
28, 250135, 9, 0, 0, 40
60, 26756, 9, 0, 0, 50
17, 108402, 6, 0, 0, 20
22, 24896, 9, 0, 0, 30
67, 64148, 10, 0, 0, 41
59, 106748, 4, 0, 0, 99
20, 289116, 10, 0, 0, 5
79, 172220, 4, 2964, 0, 30
42, 178074, 9, 0, 0, 40
26, 310907, 10, 0, 0, 35
33, 1161363, 10, 0, 0, 50
61, 101265, 10, 0, 0, 43
17, 275051, 7, 0, 0, 8
39, 144688, 9, 0, 0, 50
56, 365050, 4, 0, 0, 20
60, 162947, 3, 0, 0, 40
30, 169841, 9, 0, 0, 25
36, 242713, 9, 0, 0, 40
48, 272778, 10, 0, 0, 32
31, 210926, 9, 0, 0, 40
19, 158343, 10, 0, 0, 40
36, 127809, 9, 0, 0, 30
28, 89718, 9, 2202, 0, 48
21, 214716, 10, 0, 0, 10
29, 151476, 11, 2174, 0, 40
27, 321577, 9, 0, 0, 40
66, 99888, 11, 0, 0, 40
31, 130620, 7, 0, 0, 40
60, 125019, 13, 8614, 0, 48
54, 137678, 10, 0, 0, 40
47, 258498, 10, 0, 0, 52
50, 233369, 10, 0, 0, 40
39, 165235, 13, 0, 0, 40
24, 377725, 13, 0, 0, 40
34, 176673, 10, 0, 0, 35
26, 229523, 9, 0, 0, 56
17, 95799, 7, 0, 0, 18
28, 183175, 10, 0, 0, 40
54, 219737, 9, 0, 0, 37
62, 197918, 9, 0, 0, 40
17, 197732, 7, 0, 0, 12
47, 109705, 9, 0, 0, 40
33, 316663, 10, 0, 0, 50
23, 199915, 9, 0, 0, 21
40, 31621, 9, 0, 0, 40
22, 154422, 10, 0, 0, 30
31, 87950, 11, 0, 0, 40
46, 199596, 10, 0, 0, 50
45, 180309, 10, 0, 0, 40
17, 158762, 6, 0, 0, 20
34, 166545, 10, 7688, 0, 6
27, 247711, 9, 0, 0, 40
49, 452402, 10, 0, 0, 60
56, 149686, 5, 0, 0, 40
53, 58985, 10, 0, 0, 24
27, 332187, 13, 0, 0, 65
31, 51471, 9, 0, 0, 38
35, 189240, 10, 0, 0, 40
22, 50058, 10, 0, 0, 35
48, 217019, 9, 0, 0, 28
28, 167336, 10, 10520, 0, 40
39, 43702, 11, 0, 0, 37
22, 255575, 12, 0, 0, 15
29, 31161, 9, 0, 0, 40
30, 70377, 10, 0, 0, 40
63, 257659, 14, 0, 0, 3
20, 193416, 10, 0, 0, 40
23, 350680, 12, 0, 0, 40
50, 138358, 6, 0, 0, 47
30, 185336, 10, 0, 0, 37
28, 188236, 10, 0, 0, 40
58, 247276, 4, 0, 0, 30
49, 125421, 9, 0, 0, 40
57, 133126, 10, 0, 0, 40
39, 192251, 6, 0, 0, 60
50, 192964, 9, 0, 0, 65
22, 184975, 9, 0, 0, 3
35, 30565, 9, 0, 0, 40
19, 201743, 10, 0, 0, 20
26, 358124, 9, 0, 0, 40
47, 119199, 10, 0, 0, 40
54, 46401, 10, 0, 0, 47
37, 99151, 9, 0, 0, 40
35, 189916, 13, 0, 0, 30
48, 169324, 9, 0, 0, 32
18, 189924, 9, 0, 0, 24
61, 268797, 9, 0, 0, 17
17, 52967, 6, 0, 0, 6
19, 158118, 9, 0, 1719, 40
23, 145389, 10, 0, 0, 40
35, 412379, 9, 0, 0, 40
61, 193479, 9, 0, 0, 24
36, 149833, 9, 0, 0, 40
26, 306225, 13, 0, 0, 40
22, 200318, 12, 0, 0, 15
61, 28291, 13, 0, 0, 40
32, 188154, 10, 0, 0, 40
24, 128477, 14, 0, 0, 40
21, 39236, 10, 0, 0, 50
30, 104965, 5, 0, 0, 30
49, 176684, 11, 0, 0, 40
40, 507086, 9, 0, 0, 32
33, 202642, 13, 0, 0, 40
45, 144940, 14, 0, 0, 40
23, 197613, 10, 0, 0, 40
20, 145917, 10, 0, 0, 15
32, 222548, 9, 0, 0, 40
41, 160467, 14, 1506, 0, 40
34, 304872, 5, 0, 0, 40
22, 235829, 10, 0, 0, 40
29, 270379, 9, 0, 0, 40
26, 89389, 10, 0, 0, 40
20, 200153, 9, 0, 0, 38
36, 146412, 10, 0, 0, 40
20, 234474, 10, 0, 0, 20
35, 462832, 9, 0, 0, 40
31, 106347, 7, 0, 0, 42
56, 76142, 9, 0, 0, 40
32, 288229, 10, 0, 0, 40
21, 187643, 9, 0, 0, 40
34, 216283, 13, 0, 0, 45
17, 295488, 7, 0, 0, 25
41, 168293, 14, 0, 0, 45
30, 184687, 9, 0, 0, 30
20, 151105, 12, 0, 0, 25
17, 98675, 5, 0, 0, 20
39, 361838, 13, 0, 0, 6
36, 214378, 9, 0, 0, 40
38, 172342, 10, 0, 0, 40
51, 194908, 9, 0, 0, 40
20, 86318, 10, 0, 0, 10
47, 72880, 14, 0, 0, 40
20, 168863, 10, 0, 0, 20
20, 74631, 10, 0, 0, 50
48, 125120, 10, 0, 0, 37
27, 240809, 10, 0, 0, 56
36, 205555, 15, 0, 0, 40
41, 213154, 10, 0, 0, 40
49, 82572, 10, 0, 0, 60
25, 295108, 9, 0, 0, 25
55, 89690, 13, 0, 0, 40
23, 174754, 10, 0, 0, 30
31, 202822, 10, 0, 0, 40
39, 270059, 10, 0, 0, 35
20, 215495, 5, 0, 0, 40
17, 159849, 7, 0, 0, 30
20, 117606, 11, 0, 0, 40
28, 161538, 13, 0, 0, 35
50, 346014, 4, 0, 0, 20
48, 28791, 9, 0, 0, 50
17, 170320, 7, 0, 0, 8
50, 54709, 9, 0, 0, 46
36, 36635, 10, 0, 0, 25
63, 134699, 9, 0, 0, 25
22, 234880, 10, 0, 0, 25
19, 188864, 9, 0, 0, 20
17, 317702, 5, 0, 0, 40
23, 208826, 13, 0, 0, 40
65, 178934, 9, 0, 0, 20
21, 132053, 10, 0, 1721, 35
41, 253759, 9, 0, 0, 40
35, 379959, 9, 0, 0, 40
40, 180362, 13, 0, 0, 40
62, 407669, 4, 0, 0, 35
41, 178002, 9, 0, 0, 40
55, 123382, 9, 0, 2001, 40
54, 286342, 14, 0, 0, 32
59, 426001, 9, 0, 0, 20
41, 42346, 10, 0, 0, 24
17, 183066, 6, 0, 0, 25
67, 140849, 9, 0, 0, 24
55, 28735, 9, 0, 0, 45
59, 131869, 9, 0, 0, 35
23, 161708, 13, 0, 0, 30
27, 335421, 13, 0, 0, 20
38, 214542, 10, 0, 0, 40
47, 216096, 10, 0, 0, 35
20, 266400, 10, 0, 0, 48
21, 197583, 10, 0, 0, 20
38, 439592, 10, 0, 0, 40
19, 125591, 7, 0, 0, 40
27, 38645, 13, 0, 0, 40
64, 266080, 9, 0, 0, 35
39, 170382, 14, 0, 0, 50
45, 48271, 10, 0, 0, 40
55, 193895, 9, 0, 0, 40
45, 43434, 13, 0, 0, 40
17, 73145, 5, 0, 0, 16
45, 130206, 9, 0, 0, 40
43, 198330, 14, 0, 0, 37
42, 142756, 10, 0, 0, 35
24, 103277, 13, 0, 0, 50
17, 114798, 7, 0, 0, 18
26, 181920, 13, 0, 0, 45
48, 238959, 14, 9562, 0, 40
29, 30069, 9, 2635, 0, 40
38, 224584, 10, 0, 0, 40
20, 249087, 10, 0, 0, 40
50, 240612, 9, 0, 0, 10
26, 154785, 10, 0, 0, 35
40, 142444, 13, 0, 0, 45
42, 136177, 10, 0, 0, 38
25, 254746, 13, 0, 0, 40
30, 207564, 10, 0, 0, 40
28, 113987, 9, 0, 0, 40
72, 237229, 11, 0, 0, 30
65, 94552, 10, 0, 0, 40
27, 167501, 13, 0, 0, 40
49, 288548, 14, 0, 0, 50
20, 400443, 9, 0, 0, 20
37, 178100, 14, 0, 0, 40
24, 127185, 12, 0, 0, 40
40, 130834, 10, 0, 0, 40
42, 170230, 14, 14084, 0, 60
18, 152182, 10, 0, 0, 25
30, 165686, 13, 0, 0, 40
19, 196119, 9, 0, 0, 35
43, 172364, 9, 0, 0, 48
33, 203463, 9, 0, 0, 40
51, 155403, 9, 0, 0, 40
19, 128363, 10, 0, 0, 30
40, 260425, 12, 1471, 0, 32
30, 117570, 9, 0, 0, 60
25, 25386, 11, 0, 0, 40
46, 106705, 14, 0, 0, 38
22, 121471, 13, 0, 0, 40
25, 108301, 9, 0, 0, 20
37, 122265, 9, 0, 0, 42
54, 138845, 10, 0, 0, 40
61, 29059, 9, 0, 2754, 25
53, 221722, 14, 14344, 0, 50
18, 401051, 6, 0, 0, 35
47, 71221, 9, 0, 0, 60
28, 334368, 10, 0, 0, 40
47, 151087, 9, 0, 0, 40
19, 242001, 10, 0, 0, 40
33, 913447, 10, 0, 0, 40
20, 184678, 9, 0, 0, 32
31, 45781, 14, 14084, 0, 50
24, 233419, 9, 0, 0, 40
38, 39606, 13, 0, 0, 40
21, 57711, 9, 0, 0, 30
37, 259882, 11, 0, 0, 6
49, 48120, 9, 1506, 0, 40
51, 155408, 9, 0, 0, 38
58, 181974, 16, 0, 0, 99
51, 189762, 10, 0, 0, 15
44, 156815, 9, 0, 0, 40
42, 173938, 9, 0, 0, 40
22, 264738, 9, 0, 0, 42
33, 189265, 13, 0, 0, 40
21, 175800, 9, 0, 0, 55
30, 212064, 13, 0, 0, 40
60, 124487, 10, 0, 0, 40
50, 32801, 13, 0, 0, 40
53, 204584, 14, 0, 0, 40
35, 190174, 10, 0, 0, 40
19, 206599, 9, 0, 0, 40
18, 115839, 8, 0, 0, 30
27, 147638, 13, 0, 0, 40
19, 84747, 9, 0, 0, 24
28, 282972, 13, 0, 0, 4
27, 288229, 13, 0, 0, 50
35, 438176, 11, 0, 0, 65
33, 170651, 9, 1055, 0, 40
37, 243587, 10, 0, 0, 40
35, 190194, 9, 0, 0, 40
43, 298161, 9, 0, 0, 40
36, 152744, 13, 0, 0, 40
20, 246250, 10, 0, 0, 40
36, 300829, 12, 0, 0, 42
23, 152140, 9, 0, 0, 40
44, 111275, 9, 0, 0, 38
29, 157308, 7, 2829, 0, 14
21, 177265, 12, 0, 0, 30
29, 116613, 13, 0, 0, 40
40, 210275, 9, 0, 0, 40
34, 190040, 9, 0, 0, 40
60, 182687, 12, 0, 0, 40
39, 193583, 13, 5455, 0, 60
30, 399088, 10, 0, 0, 45
28, 55950, 13, 0, 0, 40
38, 273285, 7, 0, 0, 32
38, 26987, 9, 0, 0, 40
47, 306183, 10, 0, 0, 44
38, 143538, 9, 0, 0, 40
26, 154604, 9, 0, 0, 40
63, 39181, 16, 0, 2559, 60
28, 37933, 9, 0, 0, 48
49, 57665, 13, 0, 0, 40
57, 24384, 4, 0, 0, 10
29, 143582, 9, 0, 0, 35
20, 43587, 9, 0, 0, 35
42, 183241, 14, 0, 0, 45
35, 316141, 10, 7443, 0, 40
36, 162256, 9, 0, 0, 40
28, 114158, 13, 0, 1977, 24
37, 330826, 11, 0, 0, 30
57, 173090, 9, 0, 0, 32
31, 163003, 12, 0, 0, 40
65, 196174, 6, 0, 0, 28
18, 102182, 8, 0, 0, 30
17, 47425, 7, 0, 0, 15
24, 215115, 13, 0, 0, 40
42, 236323, 9, 0, 0, 40
45, 305739, 10, 0, 0, 40
43, 143828, 14, 9562, 0, 40
20, 137300, 9, 0, 0, 35
39, 123945, 9, 0, 0, 40
18, 171088, 10, 0, 0, 40
77, 158847, 11, 0, 0, 25
27, 248402, 13, 0, 0, 40
31, 43953, 13, 0, 0, 35
44, 174675, 9, 0, 0, 40
21, 193130, 10, 0, 0, 40
43, 111949, 9, 0, 0, 35
76, 211453, 9, 0, 0, 2
32, 252752, 14, 13550, 0, 60
32, 199046, 11, 0, 0, 2
35, 397307, 14, 0, 0, 55
20, 350845, 10, 0, 0, 10
44, 399155, 9, 0, 0, 40
50, 308764, 9, 0, 0, 40
27, 198813, 9, 0, 0, 40
22, 450920, 12, 0, 0, 40
43, 209899, 14, 8614, 0, 47
41, 185057, 14, 0, 0, 40
27, 365110, 13, 0, 0, 20
39, 176279, 13, 0, 0, 40
60, 156889, 10, 0, 0, 40
28, 291374, 6, 0, 0, 40
30, 118500, 13, 0, 0, 40
21, 383603, 6, 0, 0, 35
49, 169818, 9, 0, 0, 40
31, 150309, 16, 0, 0, 90
48, 238726, 9, 0, 0, 40
27, 247978, 9, 0, 0, 40
57, 96346, 9, 0, 0, 57
17, 47771, 7, 0, 0, 20
57, 135028, 9, 0, 0, 35
31, 182896, 9, 0, 0, 40
48, 162096, 5, 0, 0, 45
73, 84053, 9, 0, 0, 15
22, 177902, 10, 0, 0, 25
28, 192283, 14, 0, 0, 80
43, 174491, 9, 0, 0, 40
76, 316185, 4, 0, 0, 12
58, 128162, 9, 0, 0, 24
44, 177083, 9, 0, 0, 40
49, 189885, 9, 0, 0, 40
18, 236090, 9, 0, 0, 40
33, 101345, 9, 0, 0, 42
76, 25319, 14, 0, 0, 15
25, 193820, 14, 0, 0, 35
27, 29904, 13, 0, 0, 40
26, 66638, 13, 0, 0, 50
20, 232799, 9, 0, 0, 25
64, 200017, 9, 0, 0, 20
48, 144397, 10, 0, 0, 30
29, 91547, 10, 0, 0, 40
41, 252127, 10, 0, 0, 20
34, 321709, 9, 0, 0, 28
40, 174515, 9, 0, 0, 40
26, 264300, 10, 0, 0, 20
54, 182388, 9, 0, 0, 35
41, 180181, 14, 0, 0, 40
17, 238628, 7, 0, 0, 5
32, 210541, 13, 0, 0, 30
53, 311269, 9, 0, 0, 40
26, 111243, 9, 0, 0, 35
25, 90752, 13, 0, 0, 40
42, 192397, 10, 0, 0, 38
59, 283635, 14, 0, 0, 40
41, 56795, 14, 0, 0, 45
29, 261375, 9, 0, 0, 60
33, 159548, 10, 0, 0, 38
27, 291547, 13, 0, 0, 6
46, 142828, 9, 0, 0, 40
17, 41643, 7, 0, 0, 15
57, 142791, 4, 0, 1602, 3
46, 169042, 6, 0, 0, 25
23, 60847, 11, 0, 0, 60
63, 361631, 14, 0, 0, 40
62, 197218, 9, 0, 0, 18
22, 216984, 9, 0, 0, 40
55, 170169, 9, 0, 0, 40
29, 239632, 9, 0, 0, 40
39, 177728, 14, 0, 0, 40
72, 213255, 9, 0, 0, 8
55, 164332, 9, 0, 0, 16
31, 158092, 10, 0, 0, 35
44, 322391, 7, 0, 0, 30
68, 52052, 11, 25124, 0, 50
26, 324854, 13, 0, 0, 40
25, 268222, 9, 0, 0, 40
17, 217342, 6, 0, 0, 5
36, 51838, 10, 0, 0, 40
25, 163396, 10, 0, 0, 40
48, 108557, 10, 3325, 0, 60
19, 176634, 9, 0, 0, 40
18, 311795, 8, 0, 0, 20
62, 199198, 11, 0, 0, 40
32, 117779, 9, 0, 0, 35
32, 110279, 12, 0, 0, 35
42, 93770, 9, 0, 0, 40
25, 242729, 13, 0, 0, 20
38, 189916, 10, 0, 0, 40
38, 208379, 13, 0, 0, 8
31, 97933, 10, 0, 0, 40
24, 64167, 11, 0, 0, 40
52, 129177, 9, 0, 0, 40
31, 163516, 10, 0, 0, 40
22, 175883, 9, 0, 0, 40
42, 204033, 13, 0, 0, 35
39, 81487, 10, 0, 625, 40
29, 51944, 9, 4386, 0, 40
46, 189763, 9, 0, 0, 30
46, 384795, 13, 0, 0, 32
23, 117606, 13, 0, 0, 60
30, 257874, 13, 0, 0, 30
38, 71701, 11, 0, 0, 40
45, 117310, 13, 0, 0, 46
38, 161016, 10, 0, 0, 32
40, 266803, 12, 0, 0, 40
28, 190350, 5, 0, 0, 40
54, 365049, 10, 0, 0, 40
26, 202560, 10, 0, 0, 35
74, 272667, 12, 0, 0, 20
58, 201344, 13, 0, 0, 20
39, 225330, 13, 0, 0, 50
27, 46442, 13, 0, 0, 35
43, 99185, 9, 0, 0, 58
43, 91949, 9, 0, 0, 40
48, 167009, 10, 0, 0, 48
36, 334366, 7, 0, 0, 32
36, 36425, 10, 0, 0, 35
47, 169388, 7, 0, 0, 15
76, 169133, 10, 0, 0, 30
39, 362685, 1, 0, 0, 20
46, 157991, 11, 0, 625, 40
43, 216116, 14, 0, 0, 37
33, 264936, 9, 0, 0, 40
34, 296724, 10, 0, 0, 17
52, 135607, 10, 0, 0, 40
38, 179117, 12, 10520, 0, 50
56, 98809, 4, 5013, 0, 45
20, 163665, 10, 0, 0, 17
21, 185551, 9, 0, 0, 36
20, 368852, 10, 0, 0, 20
29, 201022, 13, 0, 0, 50
35, 103260, 14, 0, 0, 35
29, 184723, 10, 0, 0, 40
35, 260578, 9, 0, 0, 40
40, 353432, 6, 0, 0, 35
46, 345911, 10, 0, 0, 40
84, 132806, 9, 0, 0, 13
21, 39943, 10, 0, 0, 20
35, 209993, 7, 0, 0, 8
27, 179915, 13, 0, 0, 99
35, 98948, 13, 0, 0, 32
58, 142158, 13, 0, 0, 35
41, 162189, 9, 1831, 0, 40
31, 236415, 10, 0, 0, 20
39, 209867, 10, 13550, 0, 45
44, 197389, 9, 0, 0, 40
26, 55860, 10, 0, 0, 40
43, 208277, 14, 0, 0, 45
60, 166330, 9, 0, 0, 40
29, 125976, 9, 0, 0, 35
24, 149342, 13, 0, 0, 40
49, 188515, 10, 0, 0, 40
25, 195994, 2, 0, 0, 40
31, 139000, 9, 0, 0, 25
52, 172165, 6, 0, 0, 25
64, 60940, 9, 8614, 0, 50
78, 182977, 9, 2964, 0, 40
37, 98725, 13, 0, 0, 42
20, 244689, 10, 0, 0, 25
51, 179646, 9, 0, 0, 40
52, 208630, 9, 0, 1741, 38
30, 289458, 13, 0, 0, 40
28, 60288, 9, 0, 0, 40
62, 143312, 10, 0, 0, 60
29, 239753, 9, 0, 2057, 20
41, 331651, 15, 0, 0, 50
21, 118186, 10, 0, 0, 20
45, 246392, 9, 0, 0, 30
45, 364365, 13, 0, 0, 35
59, 171328, 6, 0, 0, 30
31, 195136, 12, 0, 0, 32
55, 188917, 9, 0, 0, 40
21, 123727, 10, 0, 0, 28
28, 192591, 13, 0, 0, 45
23, 129042, 9, 0, 0, 40
30, 156718, 9, 0, 0, 40
71, 193863, 4, 0, 0, 16
71, 93202, 9, 0, 0, 16
31, 283268, 13, 0, 0, 36
55, 193568, 9, 0, 0, 40
52, 189728, 9, 0, 0, 35
42, 147099, 9, 0, 0, 30
21, 267040, 6, 0, 0, 40
25, 141706, 10, 0, 0, 40
41, 211731, 10, 0, 0, 40
23, 115244, 13, 0, 0, 60
43, 35662, 16, 0, 0, 70
48, 97883, 9, 0, 0, 25
41, 29115, 10, 0, 0, 20
48, 181758, 10, 0, 0, 40
33, 258498, 10, 0, 0, 60
36, 340091, 16, 0, 0, 36
41, 65372, 16, 0, 0, 50
32, 167531, 15, 15024, 0, 50
63, 163708, 5, 0, 0, 20
50, 44116, 9, 0, 0, 40
36, 418702, 11, 0, 0, 40
57, 19520, 16, 0, 0, 50
18, 152044, 6, 0, 0, 3
48, 329778, 9, 0, 0, 40
22, 107801, 11, 0, 0, 40
18, 157131, 8, 0, 0, 8
39, 290922, 14, 0, 0, 40
55, 205422, 6, 0, 0, 40
19, 235909, 10, 0, 0, 20
30, 200192, 10, 0, 0, 45
36, 102864, 9, 0, 0, 40
26, 197530, 14, 0, 0, 40
23, 182812, 10, 0, 0, 40
28, 25684, 9, 0, 0, 40
24, 284317, 13, 0, 0, 32
21, 182614, 10, 0, 0, 40
62, 272209, 9, 0, 0, 99
39, 125550, 9, 0, 0, 40
31, 30290, 9, 0, 0, 40
24, 1085515, 9, 0, 0, 30
18, 137363, 8, 0, 0, 20
34, 121966, 13, 0, 0, 45
58, 105060, 10, 0, 0, 37
56, 93415, 9, 0, 0, 40
22, 195532, 10, 0, 0, 43
32, 197457, 9, 1471, 0, 38
32, 462255, 13, 0, 0, 40
23, 267955, 10, 0, 0, 40
50, 307392, 14, 0, 0, 40
26, 132749, 10, 0, 0, 45
36, 357720, 11, 0, 0, 40
22, 120572, 10, 0, 0, 40
52, 38973, 13, 0, 0, 40
18, 60981, 6, 0, 0, 30
17, 108273, 6, 0, 0, 12
59, 212448, 9, 0, 0, 40
25, 1484705, 10, 0, 0, 25
28, 129460, 6, 0, 2238, 35
34, 258170, 9, 0, 0, 38
18, 265099, 7, 0, 0, 16
68, 223486, 9, 0, 0, 7
39, 38721, 9, 0, 0, 22
18, 155021, 7, 0, 0, 6
50, 138358, 10, 0, 0, 28
28, 199903, 13, 0, 0, 20
39, 91996, 9, 0, 0, 40
23, 65481, 9, 0, 0, 40
40, 124747, 9, 7298, 0, 40
37, 238049, 5, 0, 0, 30
23, 232512, 9, 0, 0, 40
53, 29557, 10, 0, 0, 40
30, 399522, 7, 0, 0, 40
20, 190231, 5, 0, 0, 11
50, 398625, 7, 0, 0, 40
30, 302473, 9, 0, 0, 40
27, 125298, 10, 0, 0, 50
42, 108502, 9, 0, 0, 42
35, 177121, 9, 0, 0, 35
20, 137300, 11, 0, 0, 40
40, 188942, 10, 0, 0, 40
62, 115763, 14, 0, 0, 40
18, 267965, 7, 0, 0, 15
42, 56483, 12, 0, 0, 40
33, 424719, 13, 0, 0, 40
25, 161478, 13, 0, 0, 40
36, 526968, 6, 0, 0, 40
23, 297152, 10, 0, 0, 25
28, 210945, 12, 0, 0, 35
46, 213611, 4, 0, 1594, 24
49, 166039, 9, 0, 0, 40
69, 159522, 4, 2964, 0, 40
39, 80680, 10, 0, 0, 40
32, 163604, 14, 0, 0, 20
23, 133239, 11, 0, 0, 40
58, 117477, 9, 0, 0, 36
41, 223934, 12, 0, 0, 38
43, 210844, 13, 0, 0, 40
27, 43652, 13, 0, 0, 40
38, 181943, 13, 0, 0, 35
34, 177733, 5, 0, 0, 35
19, 180976, 6, 0, 0, 35
43, 112763, 9, 8614, 0, 43
61, 260167, 9, 0, 0, 40
44, 128676, 10, 0, 0, 40
68, 38317, 2, 0, 0, 20
21, 193219, 9, 0, 0, 35
52, 125932, 4, 0, 0, 40
37, 44780, 12, 0, 0, 40
32, 335427, 13, 0, 0, 20
63, 111306, 4, 0, 0, 10
53, 174020, 14, 0, 1876, 38
64, 264544, 14, 0, 0, 5
29, 376302, 11, 0, 0, 35
36, 183902, 13, 0, 0, 4
32, 127875, 13, 0, 0, 40
24, 498349, 13, 0, 0, 40
48, 199763, 9, 0, 0, 8
59, 131916, 9, 0, 0, 40
30, 79448, 10, 0, 0, 10
24, 127647, 10, 0, 0, 35
47, 380127, 9, 0, 0, 40
21, 33831, 9, 0, 0, 40
18, 162840, 8, 0, 0, 20
20, 116791, 9, 0, 0, 40
22, 211013, 10, 0, 0, 40
30, 270577, 9, 0, 0, 40
42, 178470, 9, 0, 0, 40
57, 222216, 10, 0, 0, 60
39, 151248, 10, 0, 0, 35
21, 199177, 9, 0, 0, 40
22, 120518, 9, 0, 0, 40
24, 175183, 9, 0, 0, 40
41, 95168, 9, 0, 0, 40
33, 51471, 9, 0, 1902, 40
19, 163015, 10, 0, 0, 20
43, 438427, 10, 0, 0, 40
48, 49278, 12, 0, 0, 40
28, 211184, 10, 0, 0, 50
76, 329355, 9, 0, 0, 13
46, 202560, 13, 0, 1408, 40
19, 501144, 10, 0, 0, 40
39, 160916, 12, 0, 0, 45
67, 116057, 9, 3273, 0, 16
24, 197757, 13, 0, 0, 40
31, 123397, 9, 5178, 0, 35
39, 186420, 9, 0, 0, 40
69, 269499, 9, 0, 0, 8
35, 187329, 13, 0, 0, 40
23, 177787, 13, 0, 0, 30
32, 227669, 10, 0, 0, 40
81, 132204, 2, 0, 0, 20
17, 331552, 8, 0, 0, 30
53, 281590, 9, 15024, 0, 40
19, 517036, 9, 0, 0, 40
36, 111268, 12, 0, 0, 40
40, 42703, 11, 0, 0, 40
43, 203642, 13, 0, 0, 40
30, 60426, 9, 0, 0, 40
29, 214706, 9, 0, 0, 40
43, 162108, 13, 0, 0, 40
22, 35448, 9, 0, 0, 22
22, 112130, 9, 0, 0, 40
39, 46028, 10, 0, 0, 60
81, 106765, 10, 0, 0, 4
70, 121993, 9, 0, 0, 5
50, 202044, 13, 0, 0, 45
39, 65716, 12, 0, 0, 40
26, 303973, 9, 0, 1602, 15
34, 100593, 10, 0, 0, 6
39, 375452, 15, 15024, 0, 48
39, 218249, 10, 0, 0, 37
28, 227840, 9, 0, 0, 40
45, 306889, 13, 0, 0, 40
29, 220692, 11, 0, 0, 40
51, 219599, 9, 0, 0, 40
78, 363134, 9, 0, 0, 1
27, 29174, 13, 0, 0, 40
22, 383603, 10, 0, 0, 40
20, 379525, 10, 0, 0, 10
26, 189238, 5, 0, 0, 38
24, 83783, 13, 0, 0, 40
34, 56964, 16, 0, 0, 50
53, 227602, 9, 0, 0, 37
36, 139703, 14, 0, 0, 40
61, 253101, 13, 0, 0, 24
52, 74784, 14, 0, 0, 40
54, 76344, 13, 0, 0, 50
60, 41553, 10, 0, 0, 40
29, 71592, 10, 0, 0, 40
19, 112269, 10, 0, 0, 40
69, 143849, 7, 0, 0, 20
61, 168654, 9, 0, 0, 40
47, 171968, 13, 0, 0, 60
17, 75333, 6, 0, 0, 24
40, 170230, 13, 0, 0, 40
43, 64048, 5, 0, 0, 44
40, 195488, 9, 0, 0, 45
31, 367314, 9, 0, 0, 40
31, 78291, 13, 0, 0, 40
58, 473836, 4, 0, 0, 45
18, 157131, 7, 0, 0, 30
48, 195491, 9, 0, 0, 30
37, 385452, 6, 0, 0, 40
58, 151910, 9, 0, 0, 40
40, 141657, 9, 0, 0, 40
20, 137974, 10, 0, 0, 30
33, 207267, 6, 3418, 0, 35
58, 196643, 9, 0, 0, 15
21, 170800, 9, 0, 0, 30
42, 179524, 13, 0, 0, 50
30, 181992, 10, 0, 0, 35
35, 196899, 13, 0, 0, 50
20, 176178, 9, 0, 0, 35
20, 213719, 9, 0, 0, 20
53, 132304, 10, 0, 0, 40
29, 157262, 14, 0, 0, 45
58, 111169, 9, 0, 0, 40
60, 165441, 4, 0, 0, 40
36, 250238, 2, 0, 0, 40
21, 198259, 10, 0, 0, 15
18, 157131, 9, 0, 0, 12
22, 107882, 9, 0, 0, 20
39, 279490, 10, 0, 0, 40
53, 260106, 15, 0, 0, 50
29, 83742, 9, 0, 0, 45
44, 205051, 6, 0, 0, 40
37, 148143, 9, 0, 0, 40
21, 434102, 10, 0, 0, 40
68, 163346, 9, 0, 0, 32
46, 106252, 10, 0, 0, 40
45, 60267, 9, 0, 0, 38
36, 184556, 13, 0, 0, 40
20, 396722, 10, 0, 0, 40
26, 130832, 13, 0, 0, 10
30, 280069, 10, 0, 0, 48
58, 147653, 10, 0, 0, 36
33, 279524, 9, 0, 0, 40
51, 77905, 11, 0, 0, 40
47, 158451, 14, 0, 0, 2
22, 226508, 13, 0, 0, 50
21, 224640, 10, 0, 0, 40
31, 213771, 9, 0, 0, 36
37, 205359, 10, 0, 0, 15
38, 281768, 4, 0, 0, 30
22, 184665, 9, 0, 0, 40
39, 65738, 14, 0, 0, 32
19, 172893, 10, 0, 0, 30
20, 266525, 10, 594, 0, 20
24, 309055, 10, 0, 0, 15
49, 120451, 6, 0, 0, 40
61, 230545, 9, 0, 0, 35
48, 143281, 9, 0, 0, 48
21, 250051, 10, 0, 0, 10
47, 358465, 10, 0, 0, 40
35, 246829, 9, 0, 0, 40
66, 174276, 10, 0, 0, 50
33, 122220, 10, 0, 0, 40
41, 238184, 9, 0, 0, 40
51, 191965, 9, 0, 0, 32
41, 185132, 13, 0, 0, 45
41, 190885, 9, 0, 0, 40
45, 320192, 2, 0, 0, 40
29, 29361, 9, 0, 0, 38
35, 210150, 9, 0, 0, 40
60, 24872, 10, 0, 0, 30
42, 182342, 10, 0, 0, 55
45, 293691, 9, 0, 1590, 40
41, 22155, 14, 0, 0, 60
65, 153522, 9, 0, 0, 17
36, 321760, 13, 0, 0, 17
39, 110622, 13, 0, 0, 40
24, 32616, 13, 0, 0, 40
32, 100135, 9, 0, 0, 40
20, 245297, 10, 0, 0, 20
21, 200973, 10, 0, 0, 20
29, 78529, 6, 0, 0, 12
21, 152540, 9, 0, 0, 35
17, 166242, 6, 0, 0, 15
25, 143267, 9, 0, 0, 48
44, 317320, 10, 0, 0, 40
36, 75826, 13, 0, 0, 40
33, 376483, 10, 0, 0, 40
44, 138077, 13, 0, 0, 32
51, 122288, 10, 0, 0, 36
47, 454989, 9, 0, 0, 40
18, 123856, 7, 0, 0, 49
51, 186416, 13, 0, 0, 40
46, 154430, 14, 0, 0, 50
34, 139890, 10, 0, 0, 40
41, 108681, 10, 0, 0, 40
27, 147340, 9, 0, 0, 50
40, 65545, 14, 0, 0, 55
59, 212783, 9, 0, 0, 38
61, 253101, 10, 0, 0, 20
41, 46870, 10, 0, 0, 40
27, 174163, 10, 0, 0, 40
27, 191177, 10, 0, 0, 40
19, 105289, 6, 0, 0, 20
25, 132683, 9, 0, 0, 50
22, 65704, 9, 0, 0, 40
22, 349368, 10, 0, 0, 40
21, 176356, 12, 0, 0, 20
44, 109912, 13, 0, 0, 16
38, 182416, 9, 0, 0, 42
32, 515629, 9, 0, 0, 40
39, 174368, 9, 0, 0, 40
38, 65706, 10, 0, 0, 38
26, 192506, 13, 0, 0, 35
29, 423158, 10, 0, 0, 40
50, 425804, 13, 0, 0, 40
35, 90406, 7, 0, 0, 40
60, 386261, 13, 0, 0, 15
60, 21876, 10, 0, 0, 40
45, 160962, 10, 0, 0, 35
36, 219483, 10, 0, 0, 40
42, 254773, 13, 0, 0, 50
50, 485710, 16, 0, 0, 50
28, 239130, 10, 0, 0, 50
37, 208391, 10, 0, 0, 40
20, 50397, 9, 0, 0, 20
40, 145439, 3, 4064, 0, 40
45, 248993, 9, 0, 0, 40
40, 510072, 13, 0, 0, 55
53, 99185, 9, 0, 0, 40
60, 525878, 9, 0, 0, 40
56, 134286, 10, 0, 0, 45
19, 151801, 6, 0, 0, 39
40, 175935, 13, 14084, 0, 40
21, 226181, 13, 0, 0, 40
43, 177905, 9, 3908, 0, 40
35, 23621, 9, 0, 0, 70
25, 204338, 6, 0, 0, 40
18, 159032, 4, 0, 0, 40
37, 191779, 10, 0, 0, 40
61, 72442, 7, 0, 0, 40
21, 156687, 10, 0, 0, 30
50, 50178, 10, 4064, 0, 55
36, 116892, 10, 0, 0, 40
25, 267284, 9, 0, 0, 40
36, 199439, 14, 0, 0, 45
37, 239397, 6, 0, 0, 40
23, 60331, 10, 0, 0, 40
62, 134768, 14, 0, 0, 35
53, 151411, 13, 0, 0, 45
32, 261059, 10, 0, 0, 50
26, 86646, 10, 0, 0, 45
29, 160786, 9, 0, 0, 55
30, 26009, 9, 0, 0, 35
32, 124187, 5, 0, 0, 40
60, 232337, 4, 0, 0, 40
61, 43554, 3, 0, 2339, 40
48, 115585, 13, 0, 0, 40
39, 154641, 11, 0, 0, 40
24, 189749, 7, 0, 0, 40
45, 138962, 10, 0, 0, 72
38, 156550, 9, 0, 0, 60
46, 105327, 9, 0, 0, 40
48, 216292, 9, 0, 0, 43
49, 122493, 9, 0, 0, 40
21, 182823, 13, 0, 0, 30
76, 237624, 4, 0, 0, 10
38, 127772, 9, 0, 0, 50
24, 60668, 9, 0, 0, 40
46, 156926, 10, 0, 0, 60
34, 154246, 13, 4865, 0, 55
27, 330466, 13, 0, 0, 40
29, 124953, 11, 0, 0, 42
28, 100270, 13, 0, 0, 40
37, 117567, 13, 0, 0, 60
31, 226883, 9, 0, 0, 75
32, 207668, 13, 15024, 0, 45
56, 236731, 2, 0, 0, 25
61, 149405, 9, 0, 0, 40
51, 55500, 8, 0, 0, 40
20, 189203, 12, 0, 0, 20
31, 363130, 10, 0, 0, 40
42, 153414, 13, 0, 0, 40
77, 253642, 4, 0, 0, 30
31, 150324, 12, 0, 0, 40
35, 341643, 13, 0, 0, 55
25, 176162, 13, 0, 0, 40
43, 180599, 9, 0, 0, 55
46, 192779, 13, 7688, 0, 40
40, 45054, 10, 0, 0, 40
32, 177675, 9, 0, 0, 40
46, 182689, 10, 0, 0, 40
44, 198096, 13, 7688, 0, 40
38, 175441, 9, 0, 0, 40
79, 183686, 13, 0, 0, 20
22, 124971, 13, 0, 0, 40
37, 192939, 13, 0, 0, 40
38, 91857, 9, 0, 0, 44
42, 29702, 6, 0, 0, 40
43, 125461, 13, 0, 1902, 55
24, 493034, 9, 13550, 0, 50
17, 158704, 6, 0, 0, 20
27, 177761, 10, 0, 0, 50
36, 172129, 5, 0, 0, 40
41, 188738, 9, 0, 0, 27
48, 88564, 4, 0, 0, 40
38, 242720, 14, 0, 0, 35
45, 242552, 10, 0, 0, 40
56, 370045, 13, 0, 0, 40
26, 102476, 13, 0, 0, 25
47, 573583, 9, 0, 0, 48
40, 506329, 16, 0, 0, 40
26, 114483, 9, 0, 0, 40
18, 353358, 10, 0, 0, 16
35, 110188, 13, 0, 0, 40
43, 266439, 9, 0, 0, 45
47, 67716, 9, 0, 0, 40
31, 272856, 9, 0, 0, 50
41, 206916, 13, 0, 0, 30
54, 118108, 9, 0, 0, 40
26, 189590, 10, 0, 0, 30
31, 255004, 13, 0, 1741, 38
35, 268292, 10, 0, 0, 40
45, 28035, 10, 0, 0, 50
70, 205860, 14, 0, 0, 40
39, 352248, 12, 0, 0, 40
29, 289991, 14, 0, 0, 50
33, 213226, 9, 0, 0, 60
32, 216145, 10, 4650, 0, 45
41, 220460, 9, 0, 0, 40
23, 240063, 13, 0, 0, 25
35, 312232, 9, 0, 0, 50
34, 527162, 10, 0, 0, 30
49, 140121, 9, 0, 0, 50
34, 73199, 7, 0, 0, 40
33, 154227, 11, 0, 0, 40
42, 32981, 9, 0, 0, 40
53, 79324, 9, 0, 0, 40
42, 37618, 10, 0, 0, 60
57, 279636, 11, 0, 0, 40
18, 157273, 6, 0, 0, 15
24, 278130, 11, 0, 0, 40
20, 347935, 10, 0, 0, 40
27, 263431, 10, 0, 0, 40
56, 110003, 14, 0, 0, 40
30, 173647, 10, 0, 0, 40
41, 173938, 15, 0, 0, 50
19, 136866, 9, 0, 0, 45
39, 122032, 11, 0, 0, 40
28, 429507, 12, 0, 0, 40
20, 57898, 8, 0, 0, 40
33, 159247, 13, 0, 0, 40
33, 158416, 9, 0, 0, 40
31, 49923, 9, 0, 0, 40
54, 816750, 9, 0, 2051, 40
65, 299494, 7, 1797, 0, 40
23, 265356, 13, 0, 0, 40
55, 414994, 9, 0, 0, 40
35, 169809, 13, 0, 0, 20
29, 77760, 9, 0, 0, 45
27, 208406, 13, 0, 0, 60
47, 370119, 13, 15024, 0, 50
32, 454508, 13, 0, 0, 40
25, 206600, 8, 0, 0, 40
26, 210714, 9, 0, 0, 52
17, 94366, 6, 0, 0, 6
38, 168055, 11, 0, 0, 40
34, 101266, 13, 0, 0, 62
23, 192978, 9, 0, 0, 40
42, 138162, 10, 0, 0, 40
81, 147097, 13, 0, 0, 5
52, 174964, 9, 0, 0, 40
52, 278522, 10, 0, 0, 40
31, 295922, 10, 0, 0, 40
53, 549341, 13, 0, 0, 35
23, 74568, 10, 0, 0, 40
28, 114053, 13, 0, 0, 55
60, 56248, 9, 0, 1485, 70
32, 244147, 13, 0, 1876, 50
23, 269687, 11, 0, 0, 40
47, 120939, 10, 0, 0, 45
72, 188009, 4, 0, 0, 30
63, 118798, 9, 99999, 0, 40
51, 32372, 8, 0, 0, 99
27, 39232, 9, 0, 0, 40
34, 172664, 9, 0, 0, 40
45, 242994, 10, 0, 0, 52
21, 25265, 9, 0, 0, 40
46, 105444, 13, 0, 0, 50
54, 256916, 9, 0, 0, 45
27, 136094, 9, 0, 0, 40
45, 40666, 11, 0, 0, 60
32, 209691, 13, 0, 0, 42
25, 264055, 13, 0, 0, 40
36, 167440, 10, 0, 0, 44
40, 186916, 13, 0, 0, 40
52, 174767, 10, 0, 0, 45
32, 299635, 10, 0, 0, 50
32, 207668, 13, 0, 2444, 50
24, 236696, 13, 0, 0, 40
23, 99543, 8, 0, 0, 46
46, 364548, 13, 8614, 0, 40
43, 311177, 10, 0, 0, 30
49, 185041, 9, 0, 0, 40
40, 213821, 14, 0, 0, 40
21, 109667, 10, 0, 0, 40
33, 355996, 6, 0, 0, 40
44, 165108, 14, 0, 0, 40
47, 208407, 13, 0, 2002, 30
25, 139730, 9, 0, 0, 80
26, 134945, 9, 0, 0, 40
47, 82797, 13, 0, 0, 50
46, 178686, 13, 0, 0, 38
35, 153066, 9, 0, 0, 60
30, 200892, 14, 0, 0, 40
43, 240504, 9, 0, 0, 40
41, 34987, 13, 0, 0, 35
51, 133461, 10, 0, 0, 40
30, 247444, 10, 0, 0, 40
48, 192894, 16, 0, 0, 40
28, 149991, 13, 0, 0, 42
59, 157932, 9, 0, 0, 40
31, 192900, 10, 0, 0, 40
23, 185106, 9, 0, 0, 40
23, 664670, 9, 0, 0, 40
38, 107630, 13, 0, 0, 40
27, 176972, 11, 0, 0, 40
35, 465326, 13, 0, 0, 40
37, 163392, 9, 0, 0, 40
32, 199529, 10, 0, 1980, 40
56, 178033, 10, 4416, 0, 60
39, 30916, 9, 0, 0, 40
41, 119079, 9, 0, 0, 49
36, 160035, 9, 0, 0, 40
43, 403276, 9, 0, 0, 40
41, 83411, 9, 0, 0, 40
35, 108907, 9, 0, 0, 40
41, 147372, 9, 0, 0, 48
54, 288992, 6, 14344, 0, 68
22, 279041, 10, 0, 0, 10
66, 182470, 15, 0, 0, 25
60, 264314, 10, 0, 0, 35
36, 64875, 11, 0, 0, 60
37, 227597, 10, 0, 0, 40
52, 163678, 9, 0, 0, 55
19, 202184, 10, 0, 0, 15
43, 98989, 9, 0, 0, 40
46, 59767, 10, 0, 0, 50
35, 160910, 10, 0, 0, 50
34, 33117, 10, 0, 0, 40
47, 102628, 14, 15024, 0, 55
26, 201930, 9, 0, 0, 50
45, 182655, 13, 0, 0, 45
45, 49595, 10, 0, 0, 80
38, 304651, 9, 0, 0, 45
24, 232841, 9, 0, 0, 35
38, 206951, 9, 0, 0, 65
20, 243010, 9, 0, 0, 32
66, 174995, 12, 2290, 0, 30
41, 363591, 11, 0, 0, 40
29, 255476, 4, 0, 0, 30
21, 118023, 9, 0, 0, 24
22, 87867, 8, 0, 0, 30
23, 359759, 9, 0, 0, 40
41, 207685, 13, 0, 0, 40
30, 236543, 10, 0, 0, 68
29, 201017, 14, 0, 0, 55
36, 112497, 15, 25236, 0, 40
19, 42750, 10, 0, 0, 55
69, 179813, 6, 0, 0, 10
45, 192835, 9, 3942, 0, 40
25, 170428, 13, 0, 0, 28
26, 173593, 14, 0, 0, 20
23, 145111, 9, 0, 0, 50
56, 267763, 9, 0, 0, 40
53, 126386, 9, 0, 0, 40
60, 224097, 9, 0, 0, 40
49, 268234, 4, 0, 0, 40
35, 283237, 9, 0, 0, 40
17, 198124, 7, 0, 0, 20
26, 115717, 10, 0, 2051, 40
22, 88050, 12, 0, 0, 6
76, 33213, 14, 0, 0, 30
43, 227065, 9, 4650, 0, 40
17, 148522, 7, 0, 1721, 15
48, 78529, 14, 0, 0, 60
41, 73199, 13, 0, 0, 40
53, 290290, 10, 0, 0, 45
56, 391926, 9, 0, 0, 40
27, 115831, 10, 0, 0, 40
66, 174491, 9, 0, 0, 40
55, 124808, 11, 0, 1977, 50
59, 104216, 15, 0, 0, 25
39, 51264, 7, 0, 0, 40
36, 290409, 10, 0, 0, 40
27, 185647, 9, 0, 0, 50
53, 151159, 6, 0, 0, 99
36, 143068, 10, 0, 0, 40
40, 147372, 10, 0, 2444, 40
67, 150516, 9, 0, 0, 3
38, 374524, 10, 0, 0, 40
24, 88676, 9, 0, 0, 35
80, 184335, 4, 0, 0, 30
31, 240771, 10, 4386, 0, 50
47, 196707, 15, 0, 0, 40
36, 175643, 9, 0, 0, 35
39, 167728, 13, 0, 0, 40
42, 33795, 9, 0, 0, 45
57, 141570, 14, 0, 1977, 40
51, 107123, 4, 0, 0, 40
46, 349230, 11, 0, 1848, 40
32, 425622, 9, 0, 0, 55
41, 327606, 8, 0, 0, 40
29, 58744, 12, 0, 0, 60
52, 96359, 16, 0, 0, 57
20, 233624, 9, 0, 0, 40
24, 164529, 8, 0, 0, 40
30, 156890, 9, 0, 0, 45
57, 231232, 4, 0, 0, 40
39, 80638, 10, 0, 0, 84
46, 241844, 5, 0, 0, 40
66, 212759, 13, 6767, 0, 20
37, 196348, 10, 0, 0, 40
28, 33363, 9, 0, 0, 70
33, 238912, 16, 0, 0, 60
30, 101266, 9, 0, 0, 40
46, 149388, 13, 0, 0, 40
45, 117409, 10, 0, 0, 40
32, 87310, 9, 0, 0, 41
42, 24982, 10, 7688, 0, 40
39, 174242, 13, 15024, 0, 60
29, 231287, 10, 0, 0, 40
20, 373935, 9, 0, 0, 35
34, 191930, 10, 0, 0, 40
18, 135924, 9, 0, 0, 20
19, 261259, 9, 0, 0, 20
46, 35136, 6, 0, 0, 40
40, 241895, 10, 0, 0, 40
27, 367329, 11, 0, 0, 40
36, 29984, 8, 0, 0, 40
22, 378104, 9, 0, 0, 40
25, 391192, 11, 0, 0, 40
39, 129597, 13, 3464, 0, 40
41, 239833, 9, 0, 0, 50
20, 197997, 9, 0, 0, 40
70, 77219, 9, 0, 0, 37
48, 127921, 13, 0, 0, 40
50, 92486, 10, 0, 0, 40
29, 84560, 9, 0, 0, 40
53, 97411, 3, 0, 0, 40
57, 199114, 6, 0, 0, 30
20, 186849, 9, 0, 0, 40
40, 198790, 7, 0, 0, 30
69, 34339, 9, 0, 0, 40
51, 673764, 14, 27828, 0, 40
25, 265618, 9, 0, 0, 40
60, 27886, 10, 0, 0, 40
60, 95490, 9, 0, 0, 45
25, 324609, 9, 0, 0, 40
38, 272671, 13, 0, 0, 50
41, 166740, 9, 0, 0, 40
26, 275703, 10, 0, 0, 40
55, 227856, 13, 0, 2415, 50
40, 123557, 10, 0, 0, 40
35, 234901, 10, 2407, 0, 40
38, 312528, 13, 0, 0, 37
26, 155213, 13, 0, 0, 48
31, 272069, 11, 0, 0, 40
42, 374790, 5, 0, 0, 40
30, 341346, 7, 0, 0, 40
23, 210797, 10, 0, 0, 40
44, 115932, 12, 0, 0, 40
54, 103345, 11, 0, 0, 40
41, 84610, 13, 0, 1902, 60
27, 114967, 13, 0, 0, 40
40, 95639, 9, 0, 0, 40
19, 167140, 10, 0, 1602, 24
26, 170786, 10, 0, 0, 40
35, 67083, 9, 0, 0, 40
34, 110476, 9, 0, 0, 40
37, 91711, 13, 0, 0, 60
33, 268571, 10, 0, 0, 40
51, 104651, 13, 0, 0, 50
73, 173047, 13, 0, 0, 15
29, 440647, 10, 0, 0, 40
35, 149347, 9, 0, 0, 70
39, 278557, 11, 0, 1628, 48
21, 766115, 6, 0, 0, 35
43, 240698, 13, 0, 0, 40
75, 128224, 3, 0, 0, 25
55, 185195, 13, 0, 0, 40
19, 255921, 10, 0, 0, 20
32, 256609, 8, 0, 0, 40
72, 156310, 6, 2414, 0, 12
20, 174685, 9, 0, 0, 40
30, 229051, 5, 0, 0, 37
37, 183800, 12, 0, 1887, 40
35, 187711, 9, 0, 0, 40
34, 62374, 9, 0, 0, 48
27, 369522, 9, 0, 0, 45
72, 129912, 9, 0, 0, 25
64, 219661, 15, 0, 0, 9
30, 222162, 9, 0, 0, 66
34, 161018, 10, 0, 0, 55
51, 388496, 10, 0, 0, 8
35, 189382, 9, 0, 0, 40
51, 45334, 10, 0, 0, 70
26, 120268, 9, 0, 0, 50
24, 283092, 7, 0, 0, 35
29, 153805, 9, 0, 0, 40
55, 368727, 10, 0, 0, 40
35, 154410, 13, 0, 0, 50
20, 298635, 10, 0, 0, 30
54, 229272, 9, 0, 0, 40
24, 211527, 13, 0, 0, 30
18, 232024, 7, 0, 0, 55
27, 59068, 9, 0, 0, 40
24, 199883, 10, 0, 0, 60
37, 180342, 13, 0, 0, 40
77, 192230, 10, 0, 0, 40
26, 245465, 12, 0, 0, 30
40, 188436, 9, 0, 0, 40
29, 183627, 9, 3137, 0, 48
60, 63296, 14, 0, 0, 40
47, 178686, 11, 0, 0, 40
51, 208302, 12, 0, 0, 38
51, 185283, 10, 0, 0, 45
23, 161874, 10, 0, 0, 40
41, 203761, 13, 0, 0, 40
32, 234755, 9, 0, 0, 40
45, 267967, 13, 0, 0, 45
32, 164197, 13, 0, 0, 60
33, 208785, 10, 10520, 0, 40
53, 121618, 4, 0, 0, 40
35, 196491, 13, 0, 0, 50
50, 139296, 7, 0, 0, 40
49, 86701, 10, 0, 0, 56
33, 231043, 9, 0, 0, 50
41, 82049, 9, 0, 0, 40
53, 155983, 14, 0, 0, 65
26, 198801, 9, 0, 0, 45
49, 133669, 10, 0, 0, 40
45, 180239, 15, 7688, 0, 40
32, 79586, 13, 0, 0, 40
45, 168262, 9, 0, 1887, 40
50, 72351, 13, 0, 0, 45
31, 312055, 9, 0, 0, 70
42, 203554, 14, 0, 0, 60
61, 134768, 10, 0, 0, 40
31, 194055, 9, 0, 0, 50
31, 356689, 13, 0, 0, 40
48, 91251, 4, 0, 0, 30
51, 186303, 13, 0, 0, 40
31, 224234, 9, 0, 0, 40
39, 132879, 10, 0, 0, 50
36, 297449, 13, 14084, 0, 40
40, 346532, 10, 0, 0, 40
19, 73190, 10, 0, 0, 20
21, 211385, 12, 0, 0, 35
40, 91836, 9, 0, 0, 45
51, 163052, 9, 0, 0, 40
56, 192869, 14, 0, 1977, 44
42, 332401, 13, 0, 0, 40
28, 398918, 13, 0, 0, 50
66, 314347, 9, 0, 0, 40
77, 177550, 13, 3818, 0, 14
29, 130856, 9, 0, 0, 45
47, 265275, 10, 0, 0, 40
29, 74500, 13, 0, 0, 40
18, 101061, 7, 0, 0, 70
69, 185691, 7, 0, 0, 20
35, 35945, 13, 0, 0, 40
70, 207938, 13, 0, 2377, 50
42, 36271, 13, 0, 0, 40
28, 169069, 9, 0, 0, 40
29, 185019, 8, 0, 0, 40
33, 140206, 15, 0, 0, 40
53, 123011, 9, 0, 0, 40
50, 158680, 14, 0, 0, 50
52, 183618, 9, 0, 0, 40
46, 95636, 10, 0, 0, 45
18, 312353, 8, 0, 0, 20
25, 266668, 9, 0, 0, 40
62, 103344, 13, 10520, 0, 50
39, 84954, 10, 2829, 0, 65
77, 152900, 3, 0, 0, 20
43, 195897, 9, 7298, 0, 40
68, 76371, 9, 0, 0, 35
32, 37070, 11, 0, 0, 45
43, 87284, 10, 0, 0, 40
35, 195744, 9, 0, 0, 50
35, 177974, 9, 0, 0, 40
26, 171928, 11, 0, 0, 50
55, 51499, 10, 0, 0, 72
52, 194995, 13, 15024, 0, 55
53, 171924, 13, 14344, 0, 55
31, 348504, 13, 0, 0, 50
41, 104892, 14, 0, 0, 40
35, 61343, 13, 0, 0, 40
60, 223696, 2, 0, 0, 38
25, 264012, 13, 0, 0, 45
63, 67903, 5, 0, 0, 40
23, 324960, 9, 0, 0, 40
44, 182616, 11, 0, 0, 40
54, 226735, 9, 0, 0, 45
46, 165953, 13, 0, 0, 45
42, 209392, 9, 0, 0, 35
42, 334522, 9, 0, 0, 40
49, 194895, 13, 0, 0, 40
38, 180342, 13, 0, 0, 40
39, 324420, 2, 0, 0, 45
42, 119207, 9, 0, 0, 48
44, 224658, 9, 0, 0, 45
35, 255191, 13, 0, 0, 45
28, 194940, 9, 0, 0, 40
67, 37092, 4, 0, 0, 4
47, 303637, 9, 0, 0, 49
21, 202373, 10, 0, 0, 25
38, 266645, 14, 0, 0, 60
42, 194417, 10, 0, 0, 40
34, 157446, 9, 0, 0, 45
50, 71417, 9, 3103, 0, 40
45, 33794, 14, 0, 0, 40
23, 23037, 8, 0, 0, 40
25, 289980, 9, 0, 0, 35
60, 96099, 10, 0, 0, 40
22, 252355, 9, 0, 0, 27
43, 180609, 13, 0, 0, 45
22, 141297, 10, 0, 0, 40
51, 90363, 10, 15024, 0, 40
48, 36228, 9, 0, 0, 44
60, 153072, 9, 0, 0, 5
31, 86492, 11, 0, 0, 30
64, 137205, 11, 0, 0, 48
50, 172511, 10, 0, 0, 40
46, 441542, 13, 0, 0, 40
36, 143385, 9, 0, 0, 40
51, 338836, 10, 0, 0, 40
42, 108506, 9, 0, 0, 60
34, 30673, 14, 0, 0, 55
32, 195891, 13, 0, 0, 55
50, 123429, 13, 0, 0, 45
24, 195808, 9, 0, 0, 40
38, 337130, 2, 0, 0, 40
46, 423222, 13, 7688, 0, 40
65, 131417, 3, 1797, 0, 21
25, 212304, 9, 0, 0, 40
49, 110172, 9, 0, 0, 40
18, 165532, 10, 0, 0, 15
28, 339002, 9, 0, 0, 20
34, 142897, 14, 7298, 0, 35
37, 166497, 13, 0, 0, 35
29, 106334, 14, 0, 0, 40
24, 653574, 9, 0, 0, 40
50, 120781, 13, 0, 0, 60
63, 208862, 9, 0, 0, 40
23, 142547, 9, 0, 0, 40
36, 164866, 12, 0, 0, 50
60, 109511, 4, 0, 0, 40
23, 122346, 9, 0, 0, 40
39, 243409, 9, 0, 0, 60
29, 253801, 9, 0, 0, 40
49, 219021, 10, 0, 0, 48
24, 203924, 13, 0, 0, 45
36, 120760, 14, 0, 0, 40
24, 191954, 10, 0, 0, 40
28, 214858, 9, 0, 0, 40
45, 34446, 9, 0, 0, 50
44, 158555, 10, 0, 0, 50
18, 205004, 10, 0, 0, 26
64, 114994, 9, 0, 0, 20
42, 154374, 13, 0, 0, 58
46, 190729, 10, 0, 0, 40
31, 304212, 10, 0, 0, 45
29, 91189, 13, 0, 0, 48
51, 213296, 9, 0, 0, 30
56, 425497, 12, 0, 0, 20
46, 155659, 13, 0, 0, 40
42, 70055, 9, 0, 0, 40
34, 133861, 9, 0, 0, 25
44, 306440, 9, 0, 0, 40
23, 163870, 10, 0, 0, 40
35, 186815, 9, 0, 0, 40
29, 149324, 10, 0, 1485, 40
23, 386705, 10, 0, 0, 24
37, 188069, 10, 0, 0, 40
34, 506858, 11, 0, 0, 32
39, 218490, 13, 0, 1848, 40
35, 475324, 13, 0, 0, 40
46, 98350, 6, 0, 0, 37
21, 180303, 13, 0, 0, 25
52, 149650, 16, 0, 0, 40
57, 36990, 9, 0, 0, 52
36, 206521, 13, 0, 0, 60
44, 245317, 10, 0, 0, 56
32, 229732, 13, 0, 0, 45
44, 226129, 11, 0, 0, 50
35, 31095, 10, 4101, 0, 60
51, 20795, 10, 0, 0, 40
48, 101299, 9, 0, 0, 40
18, 423460, 7, 0, 0, 36
33, 198660, 9, 99999, 0, 56
54, 117674, 10, 0, 0, 40
42, 445382, 13, 0, 0, 45
33, 102821, 8, 0, 0, 40
21, 78170, 9, 0, 0, 42
39, 372525, 14, 0, 0, 60
65, 207281, 10, 0, 0, 16
35, 63921, 9, 0, 0, 40
58, 103540, 4, 0, 0, 40
35, 253006, 10, 7688, 0, 38
44, 151089, 9, 0, 0, 40
62, 39610, 10, 0, 0, 80
23, 549349, 10, 0, 0, 40
60, 199085, 6, 0, 0, 40
51, 183611, 12, 0, 0, 55
32, 136480, 13, 0, 0, 60
33, 295621, 13, 0, 0, 25
52, 156953, 9, 0, 0, 40
22, 517995, 9, 0, 0, 40
24, 215443, 9, 0, 0, 40
51, 167651, 9, 0, 0, 40
36, 113337, 10, 0, 0, 42
29, 232784, 12, 0, 0, 40
57, 69884, 9, 0, 0, 40
31, 209538, 6, 0, 0, 40
26, 178140, 13, 0, 0, 45
55, 222615, 14, 0, 0, 60
33, 236379, 13, 0, 0, 45
52, 102828, 9, 7688, 0, 40
42, 201908, 15, 99999, 0, 50
43, 145441, 15, 0, 0, 30
47, 134671, 10, 0, 0, 40
43, 193494, 10, 0, 0, 40
38, 103323, 9, 0, 0, 40
25, 410240, 9, 0, 0, 40
50, 156877, 7, 0, 0, 70
38, 137953, 9, 0, 0, 45
44, 359259, 9, 0, 0, 60
43, 110355, 9, 0, 0, 45
30, 143766, 9, 0, 0, 30
77, 72931, 4, 0, 0, 20
40, 255675, 10, 0, 0, 40
66, 117746, 13, 0, 0, 50
61, 222395, 9, 0, 0, 40
52, 232132, 8, 0, 0, 45
59, 32552, 13, 0, 0, 4
41, 307468, 9, 0, 0, 50
53, 157069, 12, 0, 0, 40
33, 452924, 9, 0, 0, 40
62, 118725, 9, 20051, 0, 72
28, 294398, 10, 0, 0, 40
45, 231672, 9, 0, 0, 40
27, 142075, 10, 0, 0, 24
48, 248164, 13, 4386, 0, 50
44, 38876, 9, 0, 0, 40
26, 208122, 13, 1055, 0, 40
49, 195437, 12, 0, 0, 60
26, 120238, 13, 3325, 0, 40
59, 165695, 10, 0, 0, 40
62, 33142, 14, 0, 0, 60
51, 110458, 13, 0, 0, 40
59, 271571, 10, 15024, 0, 50
27, 215955, 10, 2829, 0, 40
49, 110015, 11, 0, 0, 45
37, 181553, 9, 0, 0, 50
27, 160731, 13, 0, 0, 40
35, 207202, 6, 0, 0, 70
39, 99146, 13, 0, 1887, 60
40, 236110, 8, 0, 0, 40
43, 233130, 10, 0, 0, 25
27, 60726, 9, 0, 0, 40
43, 34218, 10, 0, 0, 40
52, 190909, 9, 0, 0, 40
18, 214617, 10, 0, 0, 30
22, 22966, 10, 0, 0, 6
41, 174189, 5, 0, 0, 40
36, 171968, 9, 0, 0, 40
32, 202498, 7, 0, 0, 40
37, 349116, 9, 0, 0, 44
59, 195176, 13, 0, 0, 72
38, 154410, 9, 0, 2051, 40
41, 126850, 15, 0, 0, 40
49, 43348, 14, 0, 0, 40
26, 101027, 9, 0, 0, 48
39, 342448, 13, 0, 0, 45
39, 106961, 9, 0, 0, 40
42, 111252, 14, 0, 1977, 40
34, 112564, 9, 0, 0, 45
31, 213179, 9, 0, 0, 60
55, 102058, 8, 0, 0, 30
27, 249315, 10, 0, 0, 44
38, 213260, 9, 0, 0, 40
33, 111363, 13, 0, 0, 45
41, 144002, 13, 0, 0, 60
27, 176683, 11, 0, 0, 60
61, 156653, 9, 0, 0, 55
64, 260082, 8, 0, 0, 40
42, 247019, 9, 0, 0, 40
31, 183778, 13, 0, 0, 45
19, 299050, 7, 0, 0, 60
59, 53304, 13, 0, 0, 50
59, 207391, 9, 0, 0, 40
58, 117273, 10, 0, 0, 40
45, 246891, 13, 0, 0, 72
23, 353010, 7, 0, 0, 35
54, 178356, 5, 0, 0, 40
50, 158284, 10, 0, 0, 40
42, 212737, 5, 0, 0, 40
58, 237879, 13, 0, 0, 58
32, 249550, 10, 0, 0, 44
41, 70037, 10, 0, 3004, 60
67, 116986, 8, 0, 0, 20
46, 194698, 13, 0, 0, 60
56, 199763, 10, 0, 0, 45
32, 46746, 10, 0, 0, 40
41, 325786, 9, 0, 0, 40
50, 175804, 13, 0, 0, 40
38, 175232, 9, 0, 0, 48
63, 110610, 6, 0, 0, 50
33, 208405, 14, 0, 0, 50
34, 230246, 13, 0, 0, 42
36, 89202, 13, 0, 0, 50
52, 217663, 9, 0, 0, 45
28, 239130, 10, 0, 0, 40
24, 125031, 9, 0, 0, 40
39, 498785, 9, 0, 0, 40
53, 151580, 10, 15024, 0, 40
28, 159001, 9, 0, 0, 30
55, 206487, 10, 0, 0, 40
28, 100219, 9, 0, 0, 45
58, 265086, 13, 0, 0, 50
42, 245317, 9, 0, 0, 50
51, 229272, 9, 0, 0, 32
27, 221166, 5, 0, 0, 40
41, 200671, 13, 6497, 0, 40
44, 120539, 13, 0, 0, 50
42, 96321, 10, 0, 0, 50
32, 340917, 13, 0, 0, 50
24, 218678, 13, 0, 0, 40
34, 125279, 9, 0, 0, 40
33, 149184, 9, 0, 0, 60
40, 173716, 13, 0, 0, 45
63, 383058, 13, 0, 1848, 40
47, 298130, 9, 0, 0, 40
31, 312667, 5, 0, 0, 40
41, 168294, 9, 5178, 0, 40
47, 427055, 10, 0, 0, 45
46, 102102, 9, 0, 0, 40
40, 181265, 10, 0, 0, 52
27, 90270, 12, 0, 0, 40
72, 97304, 9, 2346, 0, 40
45, 217953, 9, 0, 0, 40
51, 186845, 13, 0, 0, 8
56, 367200, 9, 0, 0, 40
44, 171484, 6, 0, 0, 40
30, 154568, 13, 0, 0, 36
27, 101364, 9, 0, 0, 40
46, 165937, 11, 0, 0, 40
35, 191503, 10, 0, 0, 50
56, 125147, 6, 0, 0, 60
25, 352057, 9, 0, 0, 65
28, 81540, 9, 0, 0, 40
62, 81534, 10, 0, 0, 40
29, 164711, 10, 0, 0, 40
32, 169589, 11, 0, 0, 40
39, 339442, 9, 2176, 0, 40
41, 421837, 9, 0, 0, 40
37, 188774, 13, 0, 0, 55
18, 194059, 8, 0, 0, 40
26, 384276, 9, 0, 0, 40
37, 154571, 10, 0, 0, 40
47, 270079, 4, 0, 0, 40
55, 199067, 9, 0, 0, 40
20, 243178, 9, 0, 0, 28
33, 175697, 13, 15024, 0, 60
30, 122042, 14, 0, 0, 45
28, 232945, 9, 0, 0, 30
46, 148599, 14, 0, 0, 50
34, 152667, 10, 0, 0, 35
25, 233777, 9, 0, 0, 40
37, 301070, 9, 0, 0, 45
67, 95113, 9, 0, 0, 37
34, 289731, 7, 0, 0, 40
38, 172571, 10, 0, 0, 58
63, 125178, 13, 0, 0, 40
32, 37210, 13, 0, 0, 45
49, 193047, 9, 0, 0, 45
28, 27956, 15, 0, 0, 99
20, 38455, 6, 0, 0, 40
32, 180284, 6, 0, 0, 40
32, 231263, 10, 0, 0, 50
45, 481987, 14, 0, 0, 18
24, 220323, 10, 0, 0, 40
41, 168071, 9, 0, 0, 45
17, 142912, 6, 0, 0, 40
71, 238479, 6, 0, 0, 8
59, 261232, 7, 0, 0, 40
36, 41017, 10, 0, 0, 52
20, 266467, 9, 0, 0, 25
31, 132996, 9, 5178, 0, 45
32, 180603, 13, 0, 0, 40
36, 280169, 10, 3456, 0, 8
69, 106395, 9, 0, 0, 40
43, 128170, 10, 7688, 0, 40
29, 78261, 9, 0, 0, 40
20, 214635, 10, 0, 0, 24
50, 98975, 13, 15024, 0, 40
36, 147258, 11, 0, 0, 60
46, 353512, 9, 0, 0, 40
48, 267912, 13, 0, 0, 50
22, 197387, 10, 0, 0, 24
34, 295922, 10, 0, 0, 40
47, 121124, 14, 0, 0, 35
62, 109190, 13, 15024, 0, 40
30, 117944, 9, 0, 0, 25
32, 183304, 11, 0, 0, 99
47, 287480, 10, 0, 0, 40
54, 171924, 9, 0, 0, 70
54, 279881, 11, 0, 0, 40
50, 67794, 9, 0, 0, 60
71, 77253, 9, 0, 0, 17
32, 200323, 15, 0, 0, 60
49, 184428, 13, 0, 0, 40
47, 149700, 14, 15024, 0, 35
49, 124604, 9, 0, 0, 32
32, 173730, 13, 7688, 0, 40
19, 376240, 9, 0, 0, 42
53, 479621, 11, 0, 0, 40
31, 119411, 13, 0, 0, 60
25, 182771, 10, 0, 0, 40
33, 229732, 13, 0, 0, 45
36, 203482, 9, 0, 0, 40
27, 408623, 13, 0, 0, 50
29, 87507, 16, 0, 0, 60
33, 186824, 11, 0, 0, 40
38, 65624, 9, 0, 0, 40
39, 248445, 3, 0, 0, 40
67, 112318, 6, 0, 0, 40
47, 163814, 6, 0, 0, 40
58, 27385, 9, 0, 0, 60
54, 311020, 9, 0, 0, 50
27, 243569, 7, 3942, 0, 40
66, 196674, 13, 0, 0, 15
38, 227154, 13, 0, 0, 40
30, 221043, 9, 0, 0, 35
20, 107746, 7, 0, 0, 40
33, 100228, 10, 0, 0, 40
34, 204461, 13, 0, 0, 55
17, 721712, 6, 0, 0, 15
41, 153132, 12, 0, 0, 50
38, 189404, 9, 0, 0, 35
65, 293385, 1, 0, 0, 30
35, 112497, 9, 0, 0, 35
31, 206541, 10, 0, 0, 40
36, 245090, 10, 3137, 0, 50
53, 276868, 14, 0, 0, 40
52, 123011, 9, 0, 0, 45
60, 140544, 9, 0, 0, 40
39, 149943, 14, 0, 0, 40
55, 308746, 15, 0, 0, 55
45, 146857, 13, 0, 0, 38
40, 326232, 10, 0, 0, 40
33, 192256, 13, 0, 0, 50
44, 157249, 13, 0, 1977, 50
43, 125833, 13, 0, 0, 40
21, 115420, 9, 0, 0, 50
37, 48093, 13, 0, 0, 90
51, 312477, 10, 3908, 0, 40
53, 134854, 11, 0, 0, 40
44, 123983, 13, 0, 0, 40
42, 46094, 13, 0, 0, 33
49, 277434, 9, 0, 0, 50
22, 32921, 10, 0, 0, 20
28, 194200, 9, 0, 0, 70
47, 166863, 9, 0, 0, 40
50, 124793, 10, 0, 0, 55
56, 216636, 8, 0, 1651, 40
41, 55854, 13, 0, 0, 56
39, 198097, 13, 0, 0, 50
59, 124771, 13, 0, 0, 30
23, 455361, 9, 0, 0, 40
48, 246891, 10, 0, 0, 50
54, 114674, 10, 0, 0, 40
45, 223319, 10, 0, 0, 45
61, 159822, 4, 7688, 0, 40
53, 94081, 13, 0, 0, 44
46, 173243, 10, 5178, 0, 40
51, 142835, 7, 0, 0, 40
41, 100451, 9, 7688, 0, 38
37, 187748, 10, 0, 0, 40
39, 306646, 12, 0, 0, 50
25, 109080, 10, 0, 0, 55
48, 148549, 13, 0, 0, 40
54, 205337, 13, 0, 0, 50
29, 357781, 4, 0, 0, 40
38, 204501, 13, 0, 0, 55
51, 313702, 9, 0, 0, 40
29, 169544, 11, 0, 0, 40
33, 111746, 12, 0, 0, 45
35, 434114, 9, 0, 0, 40
67, 102693, 9, 1086, 0, 35
34, 37676, 13, 0, 0, 50
33, 85355, 9, 0, 0, 30
57, 138285, 12, 0, 0, 40
23, 117767, 9, 0, 0, 35
29, 194197, 13, 0, 0, 40
22, 68678, 9, 0, 0, 40
24, 55424, 13, 0, 0, 40
33, 194901, 11, 0, 2444, 42
51, 35211, 9, 0, 0, 40
26, 108019, 9, 3325, 0, 40
36, 257942, 9, 0, 0, 40
54, 200783, 10, 0, 0, 40
50, 174655, 10, 0, 0, 45
42, 367292, 10, 0, 0, 40
32, 157747, 10, 0, 0, 40
37, 200863, 10, 0, 0, 40
62, 82388, 9, 10566, 0, 40
75, 92792, 9, 0, 0, 35
29, 271328, 13, 4650, 0, 40
63, 231777, 13, 0, 0, 40
48, 41504, 9, 0, 0, 40
25, 363707, 9, 0, 0, 40
30, 283767, 9, 0, 0, 40
42, 152071, 15, 0, 0, 60
64, 134378, 14, 0, 0, 50
28, 412149, 6, 0, 0, 35
34, 162814, 9, 0, 0, 45
61, 113544, 13, 0, 0, 55
42, 366180, 10, 0, 0, 55
37, 111128, 7, 0, 0, 40
51, 246519, 6, 2105, 0, 45
29, 148182, 9, 0, 0, 40
62, 211408, 11, 0, 0, 40
19, 208366, 9, 0, 0, 40
20, 200819, 9, 0, 0, 40
48, 266337, 9, 0, 0, 40
39, 45607, 9, 0, 0, 56
29, 142519, 9, 0, 0, 40
55, 177484, 7, 0, 1672, 40
41, 152292, 13, 0, 0, 50
17, 167878, 7, 0, 0, 20
44, 124924, 9, 0, 0, 40
43, 343061, 4, 4508, 0, 40
38, 22245, 10, 0, 0, 50
34, 293900, 7, 0, 0, 55
32, 295117, 13, 0, 0, 40
59, 227856, 13, 0, 0, 37
37, 77820, 13, 0, 0, 45
18, 161063, 9, 0, 0, 40
53, 145419, 2, 7688, 0, 67
20, 385077, 8, 0, 0, 40
33, 93206, 3, 0, 0, 40
19, 162094, 9, 0, 0, 40
24, 205839, 10, 0, 0, 40
56, 56331, 9, 0, 0, 32
50, 173630, 9, 0, 0, 35
28, 251905, 15, 0, 2339, 40
45, 81132, 9, 0, 0, 40
49, 194189, 4, 0, 0, 40
32, 337696, 10, 0, 0, 50
26, 917220, 8, 0, 0, 40
51, 108435, 9, 0, 0, 40
38, 159179, 9, 0, 0, 40
24, 141113, 4, 2580, 0, 40
58, 78104, 9, 0, 0, 45
31, 248178, 10, 0, 0, 35
45, 199832, 13, 0, 0, 15
28, 110981, 10, 0, 0, 40
61, 215591, 9, 0, 1887, 40
29, 499197, 10, 0, 0, 40
50, 159219, 13, 0, 0, 40
30, 159589, 14, 0, 0, 46
43, 133060, 9, 0, 0, 40
37, 51264, 16, 0, 0, 99
37, 187046, 10, 0, 0, 40
67, 163726, 3, 0, 0, 49
41, 425049, 9, 0, 0, 50
20, 216889, 10, 0, 0, 40
35, 166416, 9, 0, 0, 99
33, 295589, 10, 0, 0, 35
39, 153976, 10, 0, 0, 40
60, 95445, 10, 3137, 0, 46
39, 98077, 9, 0, 0, 42
21, 136975, 9, 0, 0, 40
32, 97723, 9, 0, 1672, 40
27, 72887, 9, 0, 0, 40
37, 112497, 14, 0, 0, 50
55, 255364, 10, 0, 0, 60
21, 318987, 11, 0, 0, 40
22, 162282, 11, 0, 0, 40
25, 44363, 9, 0, 0, 35
75, 242108, 9, 2346, 0, 15
23, 436798, 10, 0, 0, 40
29, 394927, 10, 0, 0, 45
50, 195690, 9, 0, 0, 45
56, 130454, 13, 0, 0, 40
29, 112754, 10, 0, 0, 40
56, 182062, 13, 0, 0, 48
41, 218302, 13, 0, 0, 60
61, 34632, 8, 0, 0, 40
44, 186916, 14, 0, 0, 50
44, 29591, 13, 0, 2258, 40
90, 153602, 9, 6767, 0, 40
26, 214069, 9, 0, 0, 40
33, 182556, 13, 0, 0, 40
24, 113466, 9, 0, 0, 40
32, 29933, 13, 0, 0, 50
37, 127772, 13, 0, 0, 50
32, 53373, 10, 0, 0, 36
26, 247025, 9, 0, 0, 65
42, 213464, 10, 0, 0, 40
50, 174102, 9, 0, 0, 40
33, 357954, 9, 0, 0, 35
20, 173736, 5, 0, 0, 40
26, 150062, 9, 0, 0, 50
34, 467108, 10, 0, 0, 50
54, 88019, 10, 0, 0, 55
25, 259505, 9, 0, 0, 40
24, 236769, 12, 0, 0, 40
40, 198096, 9, 0, 0, 40
42, 194636, 9, 0, 0, 40
34, 152493, 9, 0, 0, 70
28, 375313, 9, 0, 0, 50
40, 56651, 9, 0, 0, 40
51, 54342, 15, 27828, 0, 60
73, 191394, 15, 0, 0, 40
43, 484861, 10, 4064, 0, 38
40, 183765, 12, 0, 0, 40
44, 218653, 13, 0, 0, 40
43, 271807, 10, 0, 0, 40
43, 237670, 11, 0, 0, 25
54, 103024, 9, 0, 0, 42
40, 199303, 13, 0, 0, 40
25, 195201, 9, 0, 0, 50
26, 223464, 10, 0, 0, 40
56, 437727, 5, 0, 0, 40
39, 342642, 9, 0, 0, 60
41, 523910, 13, 0, 0, 40
27, 130438, 9, 0, 0, 40
23, 292023, 9, 0, 0, 45
46, 117059, 11, 0, 0, 60
20, 234663, 9, 0, 0, 30
49, 102771, 13, 0, 0, 52
36, 34180, 9, 0, 0, 70
43, 151089, 10, 0, 0, 50
50, 140516, 13, 0, 0, 40
39, 113481, 13, 0, 0, 45
28, 168901, 13, 0, 0, 40
32, 107218, 13, 0, 0, 40
27, 205145, 9, 0, 0, 40
74, 104001, 9, 0, 0, 40
46, 271828, 9, 0, 0, 40
35, 143058, 9, 0, 0, 60
20, 271354, 9, 0, 0, 40
44, 59474, 9, 0, 0, 40
49, 298659, 9, 0, 0, 15
17, 207791, 6, 0, 0, 20
35, 190895, 10, 0, 0, 60
18, 216508, 9, 0, 0, 30
46, 128460, 6, 0, 0, 40
39, 34378, 9, 0, 0, 50
24, 102493, 9, 0, 0, 40
43, 119721, 13, 0, 0, 40
41, 121718, 10, 0, 0, 40
30, 356015, 7, 0, 0, 40
50, 283676, 16, 15024, 0, 60
21, 155697, 5, 0, 0, 42
19, 170800, 9, 0, 0, 60
46, 187581, 9, 0, 0, 40
47, 387468, 10, 0, 0, 40
50, 339954, 11, 0, 0, 40
43, 262038, 3, 0, 0, 35
49, 173115, 6, 4416, 0, 99
37, 126675, 10, 0, 0, 57
22, 29444, 8, 0, 0, 50
73, 199362, 9, 0, 0, 30
52, 99736, 14, 15020, 0, 50
40, 153372, 10, 0, 0, 50
77, 185426, 9, 0, 0, 15
42, 213821, 9, 0, 1887, 40
52, 273514, 9, 0, 0, 40
33, 113326, 10, 0, 0, 50
46, 303918, 9, 7688, 0, 96
29, 205499, 10, 0, 0, 45
46, 344415, 14, 0, 1887, 40
39, 77005, 14, 99999, 0, 40
35, 180686, 9, 3137, 0, 40
30, 125159, 13, 14084, 0, 45
42, 165599, 9, 0, 0, 40
41, 113823, 13, 0, 0, 40
54, 34832, 16, 0, 0, 60
22, 141698, 9, 0, 0, 40
40, 177595, 10, 0, 1579, 40
46, 295334, 16, 0, 0, 60
43, 70055, 10, 0, 0, 40
60, 136939, 10, 0, 0, 40
50, 104849, 15, 0, 0, 40
31, 351141, 9, 0, 0, 40
50, 54261, 9, 0, 0, 84
47, 161676, 7, 0, 0, 40
72, 118902, 16, 0, 2392, 6
39, 168355, 9, 0, 0, 70
47, 192894, 13, 0, 1902, 45
84, 155057, 13, 0, 0, 20
43, 173316, 12, 0, 0, 40
31, 115488, 9, 0, 0, 40
55, 193374, 10, 0, 0, 40
36, 129150, 10, 0, 0, 20
63, 207385, 10, 0, 0, 30
59, 157305, 1, 0, 0, 40
26, 44308, 13, 0, 0, 40
46, 70754, 13, 0, 0, 40
46, 353012, 16, 0, 1902, 50
52, 185407, 9, 0, 0, 40
47, 239865, 9, 0, 1977, 45
37, 35330, 9, 0, 1669, 55
43, 96129, 7, 0, 0, 60
28, 190911, 9, 0, 0, 40
50, 118058, 10, 0, 0, 50
39, 120985, 9, 0, 0, 40
24, 32921, 10, 0, 0, 50
19, 46162, 9, 0, 0, 25
35, 61343, 9, 0, 0, 40
23, 216672, 13, 0, 0, 30
29, 188278, 10, 0, 0, 40
41, 242089, 14, 0, 0, 45
43, 174575, 10, 0, 0, 45
39, 204527, 16, 0, 0, 50
44, 121352, 10, 0, 0, 50
34, 51543, 10, 0, 0, 48
32, 296282, 13, 0, 0, 40
25, 349190, 12, 0, 0, 20
33, 182556, 9, 0, 0, 40
49, 246891, 13, 0, 0, 40
54, 183248, 9, 0, 0, 40
43, 114537, 11, 0, 0, 40
22, 390817, 3, 0, 0, 40
40, 170019, 9, 0, 0, 40
42, 204235, 10, 0, 0, 40
42, 201732, 10, 0, 0, 40
22, 112693, 9, 0, 0, 35
24, 32921, 9, 0, 0, 40
41, 303510, 9, 0, 0, 40
26, 120238, 13, 0, 0, 40
53, 158294, 14, 7298, 0, 40
90, 39824, 9, 401, 0, 4
28, 200515, 10, 0, 0, 40
45, 81132, 10, 0, 0, 55
36, 32587, 10, 0, 0, 40
30, 205950, 10, 0, 0, 40
37, 120590, 9, 0, 0, 45
44, 115562, 10, 0, 0, 40
34, 173730, 13, 0, 0, 50
24, 196388, 12, 0, 0, 12
48, 106377, 16, 0, 0, 65
48, 299291, 9, 0, 0, 44
50, 204402, 9, 0, 0, 84
52, 40200, 10, 0, 0, 35
41, 90021, 9, 0, 0, 40
44, 357679, 13, 15024, 0, 65
55, 322691, 14, 3103, 0, 55
48, 195437, 7, 0, 0, 40
52, 181901, 9, 0, 0, 20
58, 234213, 9, 14344, 0, 48
73, 161251, 9, 0, 0, 24
32, 125856, 12, 0, 0, 60
41, 344329, 9, 0, 0, 10
40, 224658, 13, 0, 0, 45
53, 153052, 9, 0, 0, 40
27, 176683, 9, 0, 0, 48
60, 198170, 10, 0, 0, 40
30, 125279, 9, 0, 0, 40
41, 175674, 10, 0, 0, 40
28, 190525, 13, 0, 0, 46
29, 214702, 9, 0, 1974, 35
36, 104772, 9, 0, 0, 48
37, 78928, 5, 3137, 0, 40
18, 187240, 7, 0, 0, 18
38, 377486, 9, 0, 0, 36
41, 95708, 14, 0, 0, 45
28, 290267, 13, 0, 0, 18
40, 84136, 9, 0, 0, 25
47, 344916, 12, 0, 0, 40
71, 138145, 5, 0, 0, 40
29, 193260, 13, 0, 0, 30
48, 148995, 14, 0, 0, 55
37, 160035, 10, 0, 0, 40
32, 364657, 10, 0, 0, 50
61, 716416, 10, 0, 0, 44
51, 239155, 11, 0, 0, 40
23, 39182, 9, 0, 0, 40
17, 342752, 7, 0, 0, 15
51, 162327, 7, 0, 0, 40
23, 238092, 13, 0, 0, 40
38, 248919, 7, 0, 0, 40
42, 105804, 7, 0, 0, 40
17, 191260, 7, 594, 0, 10
41, 32533, 11, 0, 0, 45
45, 246431, 13, 0, 0, 30
25, 109390, 9, 0, 0, 70
23, 200089, 10, 0, 0, 40
27, 380560, 9, 0, 0, 40
33, 107248, 11, 0, 0, 45
24, 54560, 9, 0, 0, 45
56, 111218, 9, 0, 0, 60
43, 170721, 10, 0, 0, 20
28, 84547, 13, 0, 0, 40
29, 79387, 13, 0, 0, 50
39, 42044, 7, 0, 0, 40
63, 231105, 10, 0, 0, 35
25, 199224, 13, 0, 0, 45
25, 102476, 13, 0, 0, 50
61, 133969, 9, 0, 0, 63
37, 80410, 7, 0, 0, 40
40, 403550, 10, 0, 0, 50
39, 43712, 9, 7298, 0, 40
60, 252413, 10, 0, 0, 32
19, 371827, 9, 0, 0, 40
23, 126550, 9, 0, 0, 40
23, 291248, 9, 0, 0, 40
45, 201699, 16, 0, 0, 60
36, 160120, 13, 0, 0, 45
29, 457402, 3, 0, 0, 25
49, 124672, 9, 0, 0, 40
27, 112754, 13, 0, 1485, 60
36, 220696, 9, 0, 0, 40
40, 321758, 9, 0, 0, 40
53, 290640, 9, 0, 0, 50
42, 66006, 6, 0, 0, 40
39, 328466, 7, 2407, 0, 70
50, 237819, 9, 0, 0, 40
23, 109952, 10, 0, 0, 60
29, 341672, 9, 0, 1564, 50
35, 77146, 13, 0, 0, 45
75, 239038, 10, 0, 0, 16
44, 165599, 9, 0, 0, 48
72, 116640, 10, 3471, 0, 20
29, 237865, 14, 0, 0, 40
45, 107231, 13, 0, 0, 45
19, 124651, 7, 0, 0, 25
36, 179488, 10, 0, 0, 40
31, 98639, 9, 0, 0, 40
24, 147253, 10, 0, 0, 50
34, 152109, 9, 0, 0, 60
35, 186035, 11, 0, 0, 40
37, 35330, 9, 0, 0, 42
41, 235951, 15, 0, 0, 50
21, 149809, 9, 0, 0, 24
52, 135716, 9, 0, 0, 70
43, 99212, 11, 3103, 0, 48
51, 305147, 13, 0, 0, 40
66, 298834, 10, 0, 0, 40
37, 148266, 15, 0, 0, 6
29, 178778, 10, 0, 0, 40
55, 138594, 9, 0, 1977, 45
46, 179048, 9, 0, 0, 35
63, 137192, 13, 0, 0, 40
47, 287320, 14, 0, 0, 40
26, 152129, 8, 0, 0, 40
41, 174575, 9, 0, 0, 40
23, 245147, 10, 0, 0, 40
41, 27305, 9, 7688, 0, 40
34, 209538, 13, 0, 0, 50
48, 254291, 14, 0, 0, 40
38, 282461, 4, 0, 0, 35
21, 307315, 10, 0, 0, 40
34, 198613, 9, 0, 2002, 40
27, 200928, 10, 0, 0, 22
37, 30973, 9, 0, 0, 40
21, 236696, 10, 0, 0, 57
21, 109952, 9, 0, 0, 40
37, 126569, 14, 0, 0, 60
25, 237065, 10, 0, 0, 38
40, 93793, 9, 0, 0, 50
35, 22463, 9, 0, 0, 40
37, 282461, 10, 0, 0, 60
46, 251474, 13, 0, 0, 60
66, 212456, 9, 0, 0, 20
72, 76860, 9, 0, 0, 1
33, 193246, 13, 0, 0, 42
59, 105866, 13, 0, 0, 30
20, 172232, 9, 0, 0, 48
36, 187999, 9, 0, 0, 40
24, 88126, 9, 0, 0, 40
54, 128378, 10, 0, 0, 50
63, 97823, 7, 0, 0, 40
46, 175109, 9, 0, 1485, 40
45, 242184, 4, 0, 0, 55
60, 33266, 9, 0, 0, 40
46, 110884, 9, 0, 0, 40
38, 99146, 13, 15024, 0, 80
47, 145290, 9, 0, 0, 45
18, 274057, 7, 0, 0, 8
51, 193720, 9, 0, 0, 40
36, 175360, 14, 13550, 0, 50
53, 82783, 9, 0, 0, 40
22, 125905, 10, 0, 0, 40
29, 213842, 10, 0, 0, 40
17, 142964, 7, 0, 0, 20
41, 198965, 9, 0, 0, 40
26, 167350, 8, 0, 0, 40
39, 284166, 9, 0, 1564, 50
36, 123983, 13, 0, 0, 55
39, 124685, 14, 0, 0, 99
62, 35783, 10, 0, 0, 60
48, 108993, 9, 0, 0, 45
31, 126501, 10, 0, 0, 40
64, 98586, 16, 0, 0, 60
22, 344176, 9, 0, 0, 20
23, 114357, 9, 0, 0, 50
41, 118619, 13, 0, 0, 50
42, 154076, 9, 7688, 0, 50
43, 207685, 9, 0, 0, 40
19, 170720, 9, 0, 0, 20
24, 83141, 13, 0, 0, 40
61, 176689, 9, 0, 0, 40
43, 90582, 9, 0, 0, 40
35, 368825, 10, 0, 0, 60
35, 292472, 16, 0, 0, 40
69, 141181, 3, 1797, 0, 40
50, 410186, 9, 0, 0, 40
60, 174073, 9, 0, 0, 40
31, 111567, 13, 0, 0, 70
47, 30840, 14, 0, 0, 40
33, 133503, 9, 2635, 0, 16
38, 52738, 10, 0, 0, 40
56, 161662, 13, 0, 0, 42
33, 184306, 9, 0, 0, 30
38, 180303, 13, 0, 0, 50
24, 201680, 9, 0, 0, 40
32, 317809, 13, 4064, 0, 50
64, 164876, 9, 0, 0, 20
80, 148623, 15, 0, 0, 35
37, 212465, 9, 0, 0, 40
42, 37937, 13, 0, 0, 55
51, 306108, 16, 0, 0, 40
64, 47298, 16, 0, 0, 60
60, 282066, 13, 0, 1977, 45
44, 82601, 13, 0, 0, 40
90, 187749, 12, 0, 0, 20
48, 50880, 10, 0, 0, 40
43, 193882, 10, 7688, 0, 40
47, 185385, 9, 5013, 0, 24
30, 284395, 9, 0, 0, 50
54, 108435, 13, 0, 0, 50
30, 227551, 9, 0, 0, 40
39, 99156, 16, 0, 0, 50
34, 281852, 9, 0, 0, 80
25, 86872, 9, 0, 0, 40
25, 210278, 13, 0, 0, 30
18, 206359, 6, 0, 0, 40
21, 231866, 11, 0, 0, 40
31, 217962, 8, 0, 0, 40
50, 68898, 14, 7688, 0, 55
45, 204205, 6, 0, 0, 65
40, 306495, 13, 0, 0, 35
25, 161007, 9, 0, 0, 40
57, 282913, 9, 0, 0, 40
36, 256636, 9, 0, 0, 40
51, 41474, 6, 0, 0, 40
51, 118259, 9, 3137, 0, 60
28, 410351, 9, 0, 0, 40
27, 207948, 10, 0, 0, 40
19, 495982, 10, 0, 0, 10
39, 193260, 10, 0, 0, 25
43, 115323, 13, 3103, 0, 40
43, 27661, 14, 0, 0, 45
42, 102343, 15, 0, 0, 72
28, 314177, 6, 0, 0, 40
24, 117959, 9, 4386, 0, 40
70, 131060, 4, 0, 0, 25
46, 273771, 9, 0, 0, 40
18, 87157, 8, 0, 0, 25
37, 151764, 10, 0, 0, 50
46, 354962, 9, 0, 0, 40
42, 102606, 13, 0, 0, 40
25, 101812, 11, 0, 0, 41
19, 165310, 9, 0, 0, 20
58, 56392, 10, 0, 0, 40
59, 181070, 9, 0, 0, 40
47, 306473, 12, 0, 0, 40
44, 755858, 9, 0, 0, 70
21, 206008, 10, 0, 0, 50
24, 124963, 9, 0, 0, 30
23, 133355, 10, 0, 0, 15
27, 183523, 10, 0, 0, 40
45, 101656, 6, 0, 0, 40
29, 327779, 10, 0, 0, 20
76, 172637, 10, 0, 0, 20
47, 120131, 9, 0, 0, 50
39, 191103, 9, 0, 0, 40
35, 174597, 13, 0, 0, 40
49, 26502, 13, 6497, 0, 45
49, 52590, 9, 0, 0, 40
22, 325179, 10, 0, 0, 50
32, 231043, 9, 5178, 0, 48
45, 30457, 13, 15024, 0, 40
51, 163998, 9, 0, 0, 20
42, 99185, 10, 0, 0, 40
22, 362309, 10, 0, 0, 35
35, 97277, 15, 0, 0, 65
21, 164922, 10, 0, 0, 40
42, 436107, 12, 0, 0, 50
22, 290504, 9, 0, 0, 40
25, 135603, 9, 0, 0, 40
23, 199070, 9, 0, 0, 16
44, 216907, 9, 0, 0, 37
23, 237720, 13, 0, 0, 38
41, 116391, 13, 0, 0, 40
42, 317078, 9, 0, 0, 40
39, 193689, 9, 0, 0, 65
47, 213668, 15, 0, 1977, 50
50, 185407, 11, 0, 0, 38
37, 343721, 13, 0, 0, 40
29, 29616, 9, 0, 0, 65
43, 355856, 13, 0, 0, 50
26, 133766, 9, 0, 0, 70
32, 113364, 13, 0, 0, 40
36, 370585, 9, 0, 0, 40
66, 175891, 5, 0, 0, 40
40, 79036, 11, 0, 0, 50
51, 129525, 9, 0, 0, 40
28, 181659, 7, 0, 0, 50
60, 376973, 9, 0, 0, 42
36, 182074, 9, 0, 0, 40
27, 116358, 10, 0, 1980, 40
20, 286166, 9, 0, 0, 48
41, 193524, 9, 0, 1485, 40
18, 51255, 7, 0, 0, 15
52, 165681, 10, 0, 0, 40
29, 158218, 9, 0, 0, 35
27, 69132, 13, 0, 0, 37
30, 179112, 13, 0, 0, 40
55, 161662, 14, 0, 0, 55
29, 41281, 13, 0, 0, 50
41, 168098, 13, 0, 0, 50
50, 301024, 13, 0, 0, 40
30, 467108, 14, 0, 0, 44
39, 237943, 13, 0, 0, 30
48, 115784, 5, 0, 0, 44
47, 323798, 13, 0, 0, 40
50, 121411, 8, 0, 0, 40
35, 146042, 10, 0, 0, 40
18, 334026, 7, 0, 0, 25
35, 126569, 10, 4064, 0, 40
40, 51151, 11, 0, 0, 40
46, 148738, 9, 0, 1740, 35
41, 41090, 9, 0, 2002, 60
28, 218039, 9, 0, 0, 40
36, 423711, 9, 0, 0, 45
31, 393357, 5, 0, 0, 48
28, 180007, 10, 0, 0, 40
36, 151094, 11, 0, 0, 48
45, 102771, 13, 0, 0, 40
23, 449432, 10, 0, 0, 40
31, 189759, 9, 0, 2001, 40
44, 291568, 9, 0, 0, 40
23, 128604, 9, 0, 0, 48
60, 166153, 10, 0, 0, 50
54, 220115, 10, 0, 0, 30
25, 122756, 7, 0, 0, 35
52, 125796, 9, 0, 0, 40
41, 231689, 9, 0, 0, 40
20, 216972, 9, 0, 0, 30
23, 216129, 12, 0, 0, 30
35, 153976, 9, 0, 0, 60
31, 188246, 14, 0, 0, 50
56, 136472, 4, 0, 0, 48
26, 330263, 9, 0, 0, 40
38, 247111, 9, 0, 0, 40
27, 279608, 3, 0, 0, 40
58, 33309, 9, 0, 0, 80
81, 89391, 15, 0, 0, 24
27, 170017, 13, 0, 0, 40
39, 329980, 13, 0, 2415, 60
53, 33304, 10, 0, 0, 40
21, 219137, 6, 0, 0, 25
43, 456236, 9, 0, 0, 40
26, 67240, 9, 0, 0, 40
27, 269444, 9, 0, 0, 40
71, 78277, 9, 0, 0, 15
23, 96635, 10, 0, 0, 30
61, 231323, 10, 0, 0, 40
37, 201531, 9, 0, 0, 40
34, 52537, 9, 0, 0, 30
19, 541282, 10, 0, 0, 40
28, 132870, 7, 0, 0, 45
57, 137658, 9, 0, 0, 5
41, 123403, 9, 0, 0, 40
55, 163083, 14, 0, 0, 40
44, 195486, 9, 0, 0, 70
17, 195505, 6, 0, 0, 5
60, 404023, 9, 10520, 0, 40
27, 209472, 13, 0, 0, 50
37, 289886, 10, 0, 0, 30
61, 95450, 13, 5178, 0, 50
25, 197871, 10, 0, 0, 44
54, 457237, 14, 0, 0, 40
63, 203821, 9, 0, 0, 40
24, 241752, 9, 0, 0, 40
38, 112561, 13, 0, 0, 55
26, 205570, 9, 0, 0, 40
31, 206823, 13, 0, 0, 50
64, 113324, 9, 0, 0, 40
23, 220993, 9, 0, 1590, 48
31, 144064, 10, 0, 0, 40
51, 124963, 13, 0, 0, 40
31, 212235, 10, 0, 0, 45
54, 138852, 9, 0, 0, 40
24, 291979, 9, 0, 0, 40
61, 162678, 3, 0, 0, 40
33, 184306, 13, 0, 0, 45
26, 332008, 10, 0, 0, 37
23, 336360, 4, 0, 0, 40
64, 167149, 4, 0, 0, 25
62, 226546, 15, 0, 0, 16
40, 439919, 5, 0, 0, 40
60, 204062, 14, 0, 0, 48
52, 159908, 8, 0, 0, 40
37, 31368, 10, 0, 0, 40
63, 404547, 9, 0, 0, 30
42, 177989, 9, 0, 0, 40
51, 263836, 9, 0, 0, 30
48, 449354, 9, 4386, 0, 45
50, 162632, 9, 0, 0, 2
59, 83542, 12, 0, 0, 40
52, 139176, 9, 0, 0, 8
35, 162651, 13, 0, 0, 40
54, 135840, 10, 0, 0, 50
49, 34377, 8, 0, 0, 40
43, 352005, 13, 15024, 0, 45
20, 94057, 10, 0, 0, 15
35, 197719, 10, 0, 0, 40
39, 65390, 10, 0, 0, 40
69, 197288, 9, 0, 0, 35
44, 192878, 13, 0, 0, 40
21, 315065, 4, 0, 0, 48
23, 53245, 13, 0, 1602, 12
30, 39386, 10, 0, 0, 99
27, 381789, 8, 0, 0, 55
32, 223212, 1, 0, 0, 40
21, 212407, 9, 0, 0, 40
26, 102264, 10, 0, 0, 40
38, 204527, 9, 0, 0, 50
35, 91839, 13, 7688, 0, 20
18, 192399, 10, 0, 0, 60
29, 71860, 9, 0, 0, 60
22, 130724, 10, 0, 0, 25
54, 68684, 9, 0, 0, 44
55, 199067, 13, 15024, 0, 42
48, 143299, 9, 0, 0, 40
35, 220595, 9, 0, 0, 40
63, 401531, 2, 0, 0, 35
18, 40293, 9, 0, 0, 40
20, 273701, 10, 34095, 0, 10
46, 328669, 11, 0, 0, 42
41, 104892, 10, 2829, 0, 40
39, 98941, 13, 0, 0, 40
53, 104501, 13, 0, 1902, 55
48, 278530, 9, 0, 0, 40
17, 289405, 7, 0, 0, 12
33, 146440, 10, 0, 1740, 40
46, 113806, 8, 7298, 0, 40
43, 240504, 10, 0, 0, 70
25, 161007, 9, 0, 0, 40
62, 186611, 9, 0, 0, 40
37, 312232, 13, 5178, 0, 40
19, 183041, 7, 0, 0, 24
35, 213208, 11, 0, 0, 38
21, 231866, 9, 0, 0, 65
18, 120544, 5, 0, 0, 15
21, 57916, 9, 0, 0, 40
36, 184456, 15, 27828, 0, 50
43, 221172, 15, 0, 1977, 40
32, 195000, 13, 7298, 0, 45
29, 253593, 9, 0, 0, 40
48, 128432, 9, 0, 0, 40
70, 54849, 16, 0, 0, 20
39, 165743, 10, 0, 0, 45
28, 38309, 11, 2407, 0, 40
42, 221172, 13, 0, 0, 40
31, 81030, 16, 0, 0, 40
47, 137917, 10, 0, 0, 40
28, 37088, 13, 0, 0, 50
57, 27385, 13, 0, 0, 10
27, 178778, 13, 0, 0, 80
24, 35633, 10, 0, 0, 40
32, 178109, 9, 0, 0, 43
31, 446358, 10, 0, 0, 40
31, 136651, 9, 0, 0, 40
77, 174887, 10, 0, 0, 6
21, 88926, 10, 0, 0, 10
47, 108510, 6, 0, 0, 65
37, 179468, 9, 0, 0, 40
33, 529104, 7, 0, 0, 50
44, 239539, 13, 0, 0, 40
24, 266926, 10, 0, 0, 40
36, 254493, 10, 0, 0, 44
25, 108542, 13, 0, 0, 35
43, 117728, 9, 0, 0, 44
27, 175262, 13, 0, 0, 40
45, 131826, 10, 0, 0, 40
29, 209934, 3, 0, 0, 40
49, 227800, 4, 0, 0, 32
51, 96062, 10, 0, 1977, 40
25, 385646, 9, 0, 0, 40
37, 121521, 15, 15024, 0, 45
27, 193868, 9, 0, 0, 50
19, 229745, 9, 0, 0, 20
51, 162632, 9, 7298, 0, 60
50, 231196, 13, 0, 0, 50
36, 112497, 5, 0, 0, 50
30, 180859, 10, 0, 0, 8
37, 389725, 8, 0, 0, 35
73, 89852, 2, 0, 0, 40
42, 266135, 10, 0, 0, 52
25, 194897, 9, 6849, 0, 40
48, 85341, 13, 0, 0, 45
33, 341187, 13, 0, 0, 50
38, 132879, 9, 0, 1902, 40
19, 101509, 10, 0, 0, 32
44, 260761, 9, 0, 0, 40
42, 222884, 13, 0, 0, 55
27, 221366, 10, 3103, 0, 50
75, 218521, 10, 0, 0, 30
28, 142443, 9, 0, 0, 40
25, 234190, 10, 0, 0, 35
23, 241951, 10, 0, 0, 40
54, 38795, 5, 0, 0, 40
32, 230420, 9, 0, 0, 45
58, 356067, 13, 0, 0, 40
39, 117555, 13, 0, 0, 60
36, 271767, 13, 0, 0, 40
24, 204209, 10, 0, 0, 60
24, 142528, 10, 0, 0, 20
45, 221780, 10, 0, 0, 30
56, 274111, 14, 0, 1669, 40
81, 193237, 2, 0, 0, 45
23, 282579, 11, 0, 0, 56
23, 378546, 10, 0, 0, 40
58, 234481, 6, 0, 0, 40
52, 124591, 9, 0, 0, 40
21, 161415, 10, 0, 0, 50
57, 278228, 13, 0, 0, 50
24, 176189, 9, 0, 0, 40
35, 381583, 10, 0, 0, 45
49, 353824, 10, 0, 0, 45
22, 359759, 10, 0, 0, 20
37, 220585, 9, 0, 0, 40
30, 423770, 10, 0, 0, 40
32, 208291, 9, 0, 0, 50
50, 167728, 16, 0, 0, 60
45, 199590, 3, 0, 0, 40
39, 30529, 13, 0, 1887, 40
29, 83517, 5, 0, 0, 40
47, 127678, 10, 0, 0, 80
42, 148316, 11, 0, 0, 40
39, 51100, 9, 0, 0, 40
38, 167140, 15, 99999, 0, 70
28, 119793, 13, 0, 0, 40
42, 210534, 3, 0, 0, 40
31, 61559, 9, 0, 0, 50
45, 142871, 10, 0, 0, 50
28, 188171, 12, 0, 0, 60
60, 148522, 10, 0, 0, 40
40, 55363, 9, 0, 0, 40
18, 115443, 7, 0, 0, 40
46, 367251, 10, 0, 0, 40
30, 156464, 14, 0, 0, 45
50, 193884, 4, 0, 0, 40
36, 609935, 13, 0, 0, 48
43, 114859, 10, 0, 0, 17
45, 480717, 13, 0, 0, 38
27, 155057, 10, 0, 0, 50
31, 226696, 9, 0, 0, 50
35, 113481, 16, 0, 0, 60
41, 318046, 10, 0, 0, 48
29, 124953, 13, 0, 0, 50
31, 594187, 9, 0, 0, 40
27, 41099, 9, 0, 0, 30
28, 69107, 9, 0, 0, 40
63, 187635, 9, 0, 0, 40
45, 170871, 9, 15024, 0, 55
58, 318537, 8, 0, 0, 40
41, 137142, 10, 0, 0, 40
28, 362491, 9, 0, 0, 40
66, 244661, 13, 0, 0, 40
39, 119098, 11, 0, 0, 40
61, 92691, 9, 0, 0, 3
46, 56841, 9, 0, 0, 40
57, 125000, 15, 0, 0, 35
50, 193374, 2, 0, 0, 40
45, 160440, 9, 0, 0, 42
22, 238831, 10, 0, 0, 40
30, 266463, 9, 0, 0, 40
39, 115076, 10, 0, 0, 40
27, 30244, 9, 0, 0, 80
29, 136077, 9, 0, 0, 60
33, 192644, 9, 0, 0, 35
35, 30673, 8, 0, 0, 84
51, 196504, 9, 0, 0, 38
39, 293291, 9, 0, 0, 50
33, 50276, 13, 0, 0, 40
75, 309955, 15, 0, 2174, 50
49, 278322, 9, 0, 0, 40
26, 388812, 10, 0, 0, 35
25, 227886, 13, 0, 0, 40
31, 101761, 9, 0, 0, 51
61, 232719, 14, 0, 0, 50
20, 306710, 9, 0, 0, 40
67, 105252, 10, 7978, 0, 35
38, 357962, 5, 0, 0, 40
34, 181087, 11, 0, 0, 45
35, 216473, 10, 0, 0, 50
49, 111066, 13, 0, 0, 50
31, 291702, 9, 0, 0, 40
24, 278130, 12, 0, 0, 40
64, 166715, 10, 0, 0, 20
59, 62020, 9, 0, 0, 40
54, 196328, 13, 0, 0, 40
30, 261943, 7, 0, 0, 30
36, 186376, 10, 0, 0, 50
51, 252903, 6, 0, 1977, 40
22, 269583, 4, 2580, 0, 40
21, 191444, 7, 0, 0, 40
28, 138692, 10, 0, 0, 50
30, 115426, 13, 0, 0, 40
33, 196266, 9, 0, 0, 40
24, 238917, 3, 0, 0, 40
46, 250821, 15, 15024, 0, 40
33, 206609, 9, 0, 0, 50
38, 200818, 15, 0, 0, 40
19, 172582, 10, 0, 0, 50
45, 34419, 10, 7298, 0, 40
17, 82041, 7, 0, 0, 40
19, 202673, 10, 0, 0, 50
19, 365871, 4, 0, 0, 40
21, 72593, 9, 0, 0, 40
46, 63299, 9, 0, 0, 50
33, 169652, 11, 0, 1669, 55
47, 228372, 14, 0, 0, 48
50, 30008, 13, 0, 0, 45
44, 115411, 10, 0, 0, 40
38, 169469, 9, 0, 0, 80
24, 461678, 6, 0, 0, 40
48, 193047, 9, 0, 0, 40
31, 137367, 7, 0, 0, 40
31, 420749, 12, 0, 0, 40
23, 302836, 12, 0, 0, 40
43, 191712, 13, 0, 1741, 40
38, 254439, 6, 114, 0, 40
44, 191256, 9, 0, 0, 65
27, 210867, 4, 0, 0, 50
44, 182370, 9, 0, 0, 40
32, 115066, 9, 0, 0, 40
62, 223975, 4, 0, 0, 20
30, 363296, 9, 0, 0, 72
32, 33678, 10, 0, 0, 50
38, 260997, 10, 0, 0, 40
27, 101709, 9, 0, 0, 40
45, 172822, 9, 0, 0, 52
24, 22201, 9, 0, 0, 40
29, 182344, 9, 0, 0, 40
35, 77146, 9, 2829, 0, 45
48, 186539, 10, 0, 0, 40
45, 330535, 9, 3325, 0, 40
35, 92028, 14, 0, 0, 50
45, 207107, 12, 0, 2080, 40
35, 183800, 13, 0, 0, 40
23, 275244, 9, 0, 0, 35
38, 115215, 6, 0, 0, 40
41, 32121, 9, 0, 0, 40
44, 268098, 8, 0, 0, 36
37, 83375, 9, 0, 0, 40
30, 176185, 12, 0, 0, 60
37, 126675, 9, 0, 0, 40
45, 142719, 9, 0, 0, 40
37, 212005, 11, 0, 0, 40
38, 101192, 10, 0, 0, 40
25, 131976, 13, 0, 0, 55
45, 49298, 13, 0, 0, 40
26, 258306, 6, 0, 0, 99
39, 487486, 9, 0, 0, 40
47, 57534, 10, 0, 0, 40
43, 69758, 12, 0, 0, 40
26, 385278, 9, 0, 0, 60
18, 234428, 7, 0, 0, 20
27, 388998, 13, 13550, 0, 46
33, 117186, 13, 0, 0, 45
20, 347292, 9, 0, 0, 32
31, 213750, 10, 0, 0, 45
43, 62026, 15, 99999, 0, 40
31, 145377, 13, 0, 0, 60
56, 32446, 10, 0, 0, 40
51, 165001, 14, 25236, 0, 50
18, 181755, 9, 0, 0, 30
42, 433170, 10, 0, 0, 60
36, 218490, 12, 0, 0, 35
27, 208577, 10, 0, 0, 45
38, 188888, 13, 0, 1340, 40
47, 175958, 13, 3325, 0, 60
66, 127921, 9, 2050, 0, 55
27, 208577, 9, 0, 2258, 50
59, 108765, 9, 0, 0, 50
18, 188476, 7, 0, 0, 20
32, 72338, 11, 0, 0, 40
50, 386397, 13, 0, 0, 60
34, 381153, 9, 0, 0, 40
51, 111939, 9, 0, 0, 35
30, 154120, 13, 0, 0, 65
24, 289909, 10, 0, 0, 40
27, 133495, 9, 0, 0, 40
48, 349151, 9, 0, 0, 40
48, 30289, 6, 0, 0, 30
45, 273194, 9, 3137, 0, 35
57, 181031, 9, 0, 0, 60
40, 33155, 9, 0, 0, 40
85, 98611, 13, 0, 0, 3
26, 262617, 9, 2597, 0, 40
56, 35373, 10, 0, 0, 30
46, 164682, 11, 0, 0, 40
36, 122493, 9, 0, 0, 47
42, 172307, 9, 0, 0, 48
26, 212748, 9, 0, 0, 40
27, 206903, 13, 0, 0, 35
21, 349041, 9, 0, 0, 40
37, 82521, 13, 15024, 0, 40
22, 156933, 9, 0, 0, 25
37, 125167, 10, 0, 0, 60
23, 314819, 9, 0, 0, 40
50, 338033, 10, 0, 0, 32
34, 242984, 9, 0, 0, 48
51, 115851, 9, 0, 0, 40
19, 117201, 10, 0, 0, 22
23, 53245, 13, 0, 0, 40
32, 33417, 10, 0, 0, 50
70, 141742, 11, 9386, 0, 50
49, 185041, 14, 0, 1977, 40
25, 122175, 13, 0, 0, 45
61, 103575, 9, 0, 0, 37
37, 171150, 13, 99999, 0, 60
30, 398827, 9, 0, 0, 60
47, 83046, 13, 0, 0, 18
30, 175083, 9, 0, 0, 52
49, 149949, 9, 0, 1876, 40
40, 109762, 10, 0, 0, 40
32, 142675, 9, 0, 0, 40
29, 81648, 9, 0, 1887, 55
31, 246439, 10, 7298, 0, 50
42, 245317, 6, 0, 0, 50
25, 208591, 9, 0, 0, 40
19, 241616, 9, 0, 2001, 40
23, 174714, 6, 0, 0, 60
43, 146908, 10, 0, 0, 40
30, 31510, 12, 0, 0, 50
59, 195835, 9, 0, 0, 60
50, 126592, 9, 0, 0, 40
43, 145441, 13, 0, 0, 50
34, 145874, 16, 0, 0, 20
50, 176924, 6, 0, 0, 38
20, 70708, 9, 0, 0, 60
41, 184102, 7, 0, 0, 40
40, 141649, 11, 0, 0, 40
21, 313702, 10, 0, 0, 40
50, 132716, 15, 99999, 0, 50
45, 278151, 9, 0, 0, 40
38, 104280, 16, 0, 0, 55
51, 146574, 14, 0, 0, 50
35, 37314, 10, 5013, 0, 40
59, 286967, 9, 0, 0, 45
40, 224232, 13, 0, 0, 40
47, 192835, 9, 0, 0, 50
29, 119793, 10, 0, 0, 50
50, 266529, 7, 0, 0, 40
69, 58213, 13, 20051, 0, 45
22, 291979, 7, 0, 0, 40
40, 160369, 14, 0, 2415, 45
52, 230767, 13, 0, 1902, 60
22, 322674, 10, 0, 0, 40
39, 543042, 9, 5178, 0, 50
44, 163985, 15, 0, 0, 32
35, 233533, 13, 0, 0, 65
23, 163090, 12, 0, 0, 20
35, 381931, 9, 0, 0, 55
26, 35917, 10, 0, 0, 50
54, 174655, 9, 0, 0, 40
57, 199934, 13, 0, 0, 40
41, 152958, 9, 0, 0, 40
24, 229773, 13, 0, 0, 40
40, 33658, 9, 0, 0, 40
31, 33117, 14, 0, 0, 45
41, 29762, 10, 5013, 0, 70
18, 387871, 6, 0, 0, 30
52, 146711, 13, 0, 0, 50
23, 213955, 9, 0, 2001, 40
29, 107108, 10, 0, 0, 40
31, 341672, 10, 0, 0, 50
27, 70657, 10, 0, 0, 35
34, 171216, 13, 0, 0, 50
25, 123586, 10, 0, 0, 40
61, 268831, 9, 0, 0, 53
41, 193524, 12, 0, 0, 40
28, 67218, 4, 0, 0, 40
31, 100252, 13, 99999, 0, 70
33, 34574, 9, 0, 0, 43
62, 138157, 9, 0, 0, 12
35, 33975, 13, 0, 0, 40
61, 66614, 9, 0, 0, 40
34, 157466, 9, 0, 0, 45
43, 81243, 13, 0, 1876, 40
25, 73289, 9, 0, 0, 40
26, 73392, 9, 0, 0, 30
26, 193304, 9, 0, 0, 40
44, 101214, 13, 0, 0, 44
42, 110028, 9, 0, 0, 40
34, 238912, 9, 0, 0, 40
25, 323229, 13, 0, 0, 40
47, 101926, 13, 0, 0, 70
31, 325658, 9, 0, 0, 40
21, 301694, 9, 0, 0, 35
32, 42596, 9, 0, 0, 48
27, 704108, 13, 0, 0, 50
35, 334999, 9, 0, 0, 45
20, 337488, 10, 0, 0, 30
20, 34568, 9, 3781, 0, 35
44, 201435, 11, 0, 0, 40
53, 84278, 13, 0, 0, 48
30, 189759, 13, 4865, 0, 40
46, 55377, 13, 0, 0, 40
42, 33155, 9, 0, 0, 45
36, 408427, 15, 0, 0, 60
25, 207875, 10, 0, 0, 20
22, 228752, 9, 0, 0, 40
68, 257269, 13, 0, 2377, 35
30, 369027, 9, 0, 0, 45
44, 90021, 9, 0, 0, 30
59, 46466, 9, 0, 0, 40
38, 193961, 10, 0, 0, 40
44, 182629, 14, 0, 0, 24
47, 168232, 10, 0, 0, 44
57, 548256, 8, 0, 0, 40
50, 222381, 10, 0, 0, 40
26, 36201, 13, 0, 0, 50
34, 62165, 10, 0, 0, 30
35, 35309, 13, 0, 0, 28
59, 168569, 15, 0, 0, 50
42, 373403, 9, 0, 0, 50
54, 299324, 3, 0, 0, 40
41, 197093, 10, 0, 0, 20
37, 52221, 7, 0, 0, 40
53, 153486, 6, 0, 0, 40
26, 179633, 9, 0, 0, 40
55, 182273, 10, 0, 0, 40
45, 190482, 9, 0, 0, 40
24, 213427, 9, 0, 0, 40
53, 200190, 12, 0, 0, 80
38, 33983, 10, 0, 0, 40
48, 82098, 10, 0, 0, 65
68, 168794, 4, 0, 0, 30
60, 237317, 11, 4934, 0, 40
69, 107850, 14, 6514, 0, 40
60, 160339, 10, 0, 0, 40
34, 314375, 11, 0, 0, 40
39, 188335, 9, 0, 0, 40
56, 183081, 10, 0, 0, 45
29, 178244, 9, 0, 0, 40
36, 185325, 9, 0, 0, 37
42, 198316, 11, 0, 0, 35
17, 143868, 5, 0, 0, 40
47, 199058, 15, 0, 0, 40
46, 102542, 4, 0, 0, 52
59, 307423, 5, 0, 0, 50
59, 141326, 11, 0, 0, 50
49, 196571, 13, 0, 0, 45
33, 239781, 1, 0, 0, 40
59, 409842, 14, 0, 0, 20
37, 212512, 9, 3464, 0, 50
32, 174789, 9, 0, 0, 40
60, 43235, 13, 0, 0, 50
45, 304570, 13, 0, 0, 60
43, 196084, 14, 0, 0, 55
37, 497300, 9, 0, 0, 40
21, 163870, 10, 0, 0, 40
48, 160220, 11, 0, 0, 40
21, 228255, 10, 0, 0, 30
18, 210828, 10, 0, 0, 30
56, 70720, 14, 27828, 0, 60
29, 118520, 9, 0, 0, 42
57, 127728, 15, 15024, 0, 60
35, 140752, 9, 0, 0, 25
36, 180150, 8, 0, 0, 40
38, 374524, 13, 0, 0, 40
52, 290856, 13, 0, 0, 40
54, 174865, 5, 0, 0, 45
48, 44434, 14, 0, 0, 61
23, 32950, 10, 0, 0, 40
41, 510072, 13, 0, 0, 40
31, 144949, 13, 0, 0, 40
32, 62165, 13, 0, 0, 40
30, 226443, 13, 0, 0, 50
54, 392286, 12, 0, 0, 50
54, 94055, 13, 0, 0, 40
53, 263925, 9, 99999, 0, 40
27, 177057, 9, 0, 0, 40
54, 31588, 9, 2635, 0, 40
60, 206339, 9, 0, 0, 40
47, 192053, 9, 0, 1590, 40
46, 103538, 15, 0, 0, 65
45, 140664, 12, 0, 0, 55
37, 160120, 14, 0, 0, 40
46, 216666, 5, 0, 0, 40
51, 123429, 12, 0, 0, 30
46, 185041, 9, 0, 0, 75
52, 108083, 14, 0, 0, 50
24, 278130, 9, 0, 0, 40
38, 89202, 10, 0, 0, 40
43, 130126, 13, 0, 0, 40
18, 374969, 6, 0, 0, 56
52, 61735, 7, 0, 0, 40
48, 176810, 9, 0, 0, 40
33, 132601, 13, 0, 0, 55
34, 226443, 9, 0, 0, 40
40, 204235, 14, 99999, 0, 50
42, 267138, 10, 0, 0, 40
27, 167737, 10, 0, 0, 48
23, 107190, 10, 0, 0, 20
47, 158286, 14, 0, 0, 50
24, 327518, 11, 0, 0, 45
35, 193241, 9, 0, 1651, 40
26, 159732, 9, 0, 0, 52
59, 169982, 13, 0, 2002, 50
43, 244172, 9, 0, 0, 40
68, 351402, 16, 0, 0, 70
44, 191295, 13, 0, 0, 48
30, 633742, 10, 0, 0, 45
40, 121956, 13, 13550, 0, 40
49, 123681, 14, 0, 0, 43
21, 315303, 10, 0, 0, 20
36, 405155, 3, 0, 0, 40
36, 487085, 4, 0, 0, 40
36, 152621, 10, 0, 0, 40
46, 207940, 10, 0, 0, 40
58, 314092, 11, 0, 1887, 48
27, 273929, 9, 0, 0, 40
22, 39432, 9, 0, 0, 40
41, 29591, 9, 0, 0, 30
42, 82161, 6, 0, 0, 35
43, 130126, 10, 15024, 0, 45
41, 220694, 13, 0, 0, 37
66, 263637, 6, 0, 0, 40
44, 113324, 9, 0, 0, 40
23, 235853, 13, 0, 0, 22
39, 107302, 9, 0, 0, 45
45, 188330, 13, 0, 0, 60
31, 294870, 12, 0, 0, 40
31, 136398, 16, 0, 0, 50
47, 28035, 13, 0, 0, 50
34, 150324, 13, 0, 0, 40
61, 151369, 15, 0, 0, 50
31, 175509, 13, 0, 0, 50
46, 54190, 9, 0, 0, 60
57, 98350, 15, 0, 1902, 40
40, 32214, 12, 0, 0, 40
30, 149787, 10, 0, 0, 40
50, 320510, 13, 0, 1902, 40
29, 169544, 9, 5178, 0, 40
34, 34862, 13, 0, 1564, 60
63, 174181, 13, 0, 0, 20
30, 67072, 13, 6849, 0, 60
53, 34973, 10, 0, 0, 45
35, 123606, 10, 0, 0, 40
54, 175262, 4, 0, 0, 40
39, 179668, 13, 15024, 0, 40
43, 83348, 9, 0, 0, 60
20, 24008, 10, 0, 0, 24
22, 134181, 9, 0, 0, 50
38, 64875, 9, 0, 0, 50
45, 127678, 11, 0, 0, 60
44, 249332, 9, 0, 0, 40
30, 272669, 10, 0, 0, 40
55, 143266, 11, 0, 0, 50
53, 35295, 13, 0, 0, 60
24, 168997, 10, 0, 0, 40
45, 178319, 13, 0, 0, 40
26, 238367, 9, 0, 0, 40
37, 150993, 7, 0, 0, 45
31, 193231, 13, 3325, 0, 60
35, 112264, 9, 0, 0, 50
42, 255675, 10, 0, 0, 40
19, 213024, 8, 0, 0, 40
57, 290661, 16, 0, 0, 60
66, 212185, 4, 0, 0, 48
41, 170214, 9, 0, 2179, 40
55, 298449, 13, 0, 2415, 50
35, 105138, 15, 0, 0, 55
19, 174233, 10, 0, 0, 24
25, 179059, 13, 0, 0, 40
46, 336984, 9, 0, 0, 17
33, 298785, 6, 0, 0, 40
28, 158737, 8, 0, 0, 40
26, 220656, 13, 0, 0, 38
43, 152629, 9, 0, 0, 40
44, 468706, 9, 0, 0, 40
28, 166320, 9, 0, 0, 40
43, 118536, 9, 0, 0, 40
54, 292673, 2, 0, 0, 35
31, 49923, 9, 0, 0, 40
30, 218551, 11, 0, 0, 45
48, 348144, 10, 3325, 0, 53
18, 190325, 7, 0, 0, 30
25, 130793, 10, 0, 0, 30
43, 99220, 13, 0, 0, 40
42, 383493, 14, 0, 0, 50
17, 137042, 6, 0, 0, 20
27, 431637, 15, 0, 0, 70
73, 29306, 9, 0, 0, 40
24, 203027, 12, 0, 0, 40
25, 176162, 11, 0, 0, 30
46, 181363, 12, 0, 0, 40
47, 175925, 6, 0, 2179, 52
42, 258589, 9, 0, 0, 60
30, 236861, 9, 0, 1876, 45
34, 158420, 13, 0, 0, 70
42, 99679, 9, 0, 0, 60
43, 269015, 9, 0, 0, 40
81, 201398, 14, 0, 0, 60
30, 220148, 9, 0, 1848, 50
45, 76008, 13, 0, 0, 50
33, 104525, 9, 0, 0, 40
39, 257726, 10, 0, 0, 40
31, 173495, 9, 0, 0, 40
65, 215908, 9, 0, 2174, 40
36, 166606, 7, 0, 0, 40
25, 273792, 9, 0, 0, 37
34, 190290, 9, 0, 0, 40
25, 250038, 11, 0, 0, 40
44, 230592, 13, 0, 0, 35
38, 225605, 10, 0, 0, 44
37, 126569, 14, 0, 1977, 40
39, 186130, 15, 0, 0, 55
63, 57674, 14, 0, 0, 48
51, 204322, 11, 0, 0, 40
42, 220049, 9, 0, 0, 40
37, 120130, 14, 0, 0, 60
40, 400061, 10, 0, 0, 40
42, 154374, 13, 0, 0, 40
26, 291586, 13, 0, 0, 20
42, 190403, 10, 0, 0, 60
48, 180446, 6, 0, 0, 40
35, 82622, 9, 0, 0, 40
60, 235535, 9, 0, 0, 48
42, 126614, 13, 0, 0, 30
66, 31362, 10, 0, 0, 20
24, 220426, 9, 0, 0, 40
48, 250674, 11, 0, 0, 60
47, 191175, 3, 0, 2179, 50
57, 195876, 9, 0, 0, 40
26, 233777, 9, 0, 0, 72
32, 271276, 9, 0, 0, 80
57, 165922, 9, 0, 0, 50
44, 138991, 10, 0, 0, 50
41, 112507, 6, 0, 0, 60
59, 102193, 9, 0, 0, 45
38, 237713, 13, 0, 0, 60
66, 210825, 10, 0, 0, 40
49, 84298, 10, 7688, 0, 40
58, 217775, 9, 7298, 0, 40
37, 257295, 10, 0, 0, 75
36, 346478, 13, 0, 2415, 45
26, 53903, 9, 0, 0, 50
51, 176751, 13, 0, 1902, 40
45, 257609, 13, 0, 0, 40
51, 193720, 9, 0, 0, 42
28, 188711, 13, 0, 0, 20
57, 124852, 10, 0, 0, 40
69, 204645, 10, 9386, 0, 72
29, 270421, 13, 0, 0, 50
54, 29887, 9, 0, 0, 56
33, 142675, 13, 0, 0, 30
23, 180060, 13, 0, 0, 50
33, 96128, 7, 0, 0, 40
25, 250038, 14, 0, 0, 40
64, 169604, 7, 0, 0, 40
26, 200681, 9, 0, 0, 40
65, 175202, 9, 0, 0, 24
30, 223212, 13, 0, 0, 40
44, 32185, 9, 0, 0, 70
43, 137126, 10, 0, 0, 40
44, 115932, 14, 0, 0, 40
50, 153064, 9, 5178, 0, 40
39, 207824, 9, 0, 0, 60
57, 220789, 9, 0, 0, 45
63, 110890, 14, 0, 0, 70
48, 328610, 15, 0, 0, 45
51, 149220, 10, 0, 0, 75
60, 129379, 10, 0, 0, 40
37, 128715, 13, 0, 0, 60
32, 48520, 10, 0, 0, 40
37, 102953, 9, 0, 0, 40
21, 305874, 10, 0, 0, 54