0.34770 0.25045
-0.09679 0.39255
0.45338 0.75814
1.06612 0.73766
-0.16391 -0.96437
-0.16390 -0.65648
1.10545 0.36052
0.53720 0.35965
-0.32863 0.36053
0.37979 2.69691
-0.32439 0.39962
-0.32601 0.79490
0.16937 0.66780
-1.33930 0.45597
-1.20744 -0.22069
-0.39360 0.53128
-0.70898 -0.54098
0.21997 -0.16577
-0.63562 -0.33975
-0.98861 0.05731
1.02595 1.62026
-0.15804 -1.30709
0.04727 0.48038
-0.99732 -1.12890
-0.38107 -0.33035
0.07765 0.76227
-0.80570 0.04500
0.26299 -0.75442
-0.42045 -0.50071
-0.20419 0.47572
-0.42119 -0.51126
1.29659 0.15152
-0.00945 0.03190
-0.74040 -0.45612
0.57578 1.50076
-0.85459 0.44374
0.14620 -1.41760
-1.37177 0.13052
-0.92973 -0.46325
0.13780 0.59670
0.51693 -0.55476
0.11996 -0.08032
-0.08095 0.35349
-0.21077 0.60603
-1.03497 -0.84021
-0.50389 -0.23415
-0.32245 -0.33246
0.73999 -0.45733
0.24053 1.23582
-1.23413 0.28349
0.22686 -0.88262
-0.26956 0.64250
-0.47385 1.48551
0.42817 0.72273
0.72170 -1.06356
0.65190 -0.33896
-0.58745 0.88684
-0.21645 -0.49537
0.23188 0.31067
0.68288 0.54224
-0.33542 -0.64885
-0.12996 -0.04167
-0.77443 -2.26889
-0.83734 -0.71707
0.56877 -0.17680
0.94937 -0.87345
-0.05041 1.14269
0.70247 -1.00110
0.25315 -0.30803
-0.45158 0.09152
0.25298 1.00889
1.07663 -1.00510
-0.02508 0.81421
1.09525 0.00716
-1.83382 -0.68706
0.57533 0.32347
0.06093 0.13934
-0.20931 -0.42015
0.06423 0.04886
-1.39130 -0.26972
-0.15377 0.07946
0.24998 0.46349
1.03453 1.11021
-0.36279 -0.86647
-0.56595 1.49312
-0.35123 -1.36646
0.64078 -0.10625
0.23013 0.41182
-0.37083 0.19669
0.35929 -0.43589
0.06795 -0.14569
0.67805 -0.34510
-0.49144 -0.41256
-0.22936 0.59472
-0.27448 0.24991
-1.02446 -0.48504
0.20728 0.62972
0.18274 0.21511
0.00358 0.56900
-0.16421 0.44074
-0.99076 -0.58030
-0.29445 -0.39213
-0.23990 0.52311
-0.56159 0.42726
-0.11290 -0.01463
0.28284 0.08213
1.32033 0.89437
0.12220 -0.41410
0.18029 0.38297
-0.05211 -0.14153
-1.34314 -0.15238
-0.01856 0.76914
0.04216 0.57779
1.72427 0.56946
-0.13465 0.91384
0.21108 0.01470
-0.02430 0.47737
-0.81807 -0.21719
0.79998 0.22692
0.52635 -0.09110
0.55372 0.06790
-0.63657 0.41661
0.98196 -0.57275
-0.98130 1.46467
0.41080 -0.70421
1.53332 -0.84993
-0.69338 0.81068
-0.39641 0.55416
0.06976 0.43688
-0.35243 0.43984
-1.08546 -0.00857
0.04799 -0.62808
-0.74361 0.05306
0.33151 -0.47401
-0.64360 0.68258
1.08495 -0.10294
-0.54828 -0.57785
-0.22544 -0.22497
0.56946 0.28905
-0.86161 -0.39461
0.15922 -0.57555
0.91500 0.17058
-1.12524 0.17148
0.12924 -0.35486
0.18192 -0.32973
0.54728 0.16243
-0.86587 -1.01366
-0.92432 -0.98522
0.36536 -0.50291
0.20789 -0.14941
0.17534 0.21764
0.24251 1.03275
-0.47602 0.60036
0.16258 -0.11196
0.20515 -0.01331
-0.50005 -0.70177
1.30604 -0.01296
0.33168 -0.20206
-0.83391 0.22590
0.45959 -0.57906
-0.68228 0.36354
0.55096 1.07292
0.81102 -0.07613
-0.57448 0.28120
0.67436 0.48310
0.28895 -0.28085
0.57544 0.15686
1.32776 0.00881
-0.17177 0.06837
-0.52762 -0.54111
-0.62266 0.01716
-0.57107 0.34860
-0.05397 1.01580
0.23881 0.67149
0.19368 1.50723
0.57903 -0.53714
0.00910 0.61062
1.01747 0.12834
-0.18526 1.53286
1.90412 -0.56581
0.43797 -0.58781
-0.60001 -0.41957
-0.74962 -1.48673
0.33773 -0.36803
-0.15642 -0.53139
0.49980 0.10528
0.33127 0.23923
-0.05098 1.31332
-0.59276 0.66530
-1.06039 -0.40383
-0.31256 -0.62889
0.59948 0.34434
0.14987 -0.92416
-0.87202 1.28202
0.12123 0.82561
0.26972 -0.32842
-0.61870 -1.19919
0.10761 0.94771
0.04075 -0.08018
-0.80008 0.86647
4.88390 0.52989
5.58044 -0.64552
6.00367 0.60872
6.03289 0.94895
5.68495 0.28940
6.43599 1.31376
5.25267 -0.54165
5.90033 -0.87126
6.08421 -1.24510
6.36011 1.04723
6.49813 0.45806
5.21275 -0.03891
4.92612 0.19598
6.89437 -0.78784
6.23262 1.71203
5.47606 0.09045
7.08581 0.07658
6.08097 0.50804
6.82551 0.33671
6.04726 0.15672
7.44252 -0.55333
7.22874 0.33003
5.82573 1.31742
6.68010 0.94179
6.45176 1.11523
6.95804 -0.35785
5.32455 -0.69272
6.48024 -0.08805
6.74090 0.03901
4.76888 0.76593
5.17172 -1.18473
4.57254 1.07069
5.81142 -0.11061
6.50228 -0.29882
7.05165 -0.70847
6.05187 -1.15840
7.14003 0.57622
5.03393 0.05132
4.80763 -0.90297
5.96112 -0.90656
6.26885 -0.23505
5.97711 1.16832
4.55279 -0.18171
5.93762 -1.05220
5.08687 -0.17202
6.46877 -0.19091
6.25662 -1.88782
5.34208 -0.03801
5.64029 -0.16165
5.25855 0.48734
5.95612 1.29427
6.66860 0.78860
5.30999 -0.18822
6.35283 -0.77457
5.62882 1.80135
5.44499 0.04145
5.92508 0.00975
5.27533 -0.01689
5.61245 0.13866
5.16149 -0.10105
7.37531 -0.40156
6.02468 -0.38280
5.51019 -0.02293
6.14979 -0.38040
5.92137 -0.49899
5.84532 0.07450
6.42992 -0.17848
6.53026 1.05280
5.62865 -1.85568
5.59693 0.76405
5.80746 0.87226
4.38866 -1.45137
4.93937 -0.23988
6.95681 -0.26001
7.15148 -0.98526
5.82567 -0.54447
6.40359 -0.77740
6.21788 1.22659
8.15522 0.65497
6.78370 0.89009
5.91046 0.50517
5.33112 -0.79034
4.87549 -0.36716
6.14242 0.34256
5.47055 -0.85549
5.00442 0.49910
5.54740 -0.16823
5.24292 -0.26237
7.18100 0.49767
6.61715 0.31098
5.99442 -0.25268
7.03596 0.81153
6.05416 -0.75674
5.39710 0.43115
7.06619 0.41517
6.37724 -0.21668
5.27393 0.22829
5.86676 -0.87578
5.38707 0.64682
5.03204 -0.12943
6.64832 -0.36591
7.33659 0.73431
5.02100 -0.49304
6.39408 -0.98592
5.54455 -1.08964
5.65901 0.42421
5.58532 -0.89630
5.39521 1.22836
6.03397 -1.45735
5.41833 1.18752
6.18932 0.14771
5.96483 -0.06770
5.83274 -0.38144
5.36471 0.27940
5.59626 -0.02634
6.52877 0.77231
6.35064 0.07996
5.31571 0.10521
6.06953 -0.25453
6.52597 -0.03986
4.83142 0.21546
6.38035 -1.19712
5.53616 -0.94373
6.39942 0.52028
5.46572 0.11961
4.73658 -0.12879
4.86072 0.01290
6.03366 0.24331
6.18181 -0.37783
5.36698 -0.54481
6.44701 0.13709
4.83694 -0.68486
5.95374 0.28578
5.15229 -1.19181
5.54371 0.72041
6.03318 0.33082
5.39771 0.17922
5.73081 0.68788
6.70440 1.16583
5.59618 0.71006
6.58498 -1.28861
5.20921 -0.89570
6.37086 -0.43737
7.00910 0.01826
4.26985 0.36236
5.44217 -0.50802
6.40395 0.13074
5.85787 -0.52877
6.25980 -0.42806
5.57721 -0.98466
6.06061 -0.64626
5.89103 -0.94618
6.81745 -0.68311
6.17809 0.73755
6.23632 -0.66458
5.71169 1.84267
5.65868 0.34532
5.69721 0.12939
6.27612 -0.60085
5.70531 0.49022
6.20284 -0.40295
7.45278 0.08541
6.60979 1.79206
5.77178 -0.06724
6.84085 0.80449
5.71435 -0.49222
4.57331 -0.02449
5.29434 1.23956
4.69045 -0.43888
5.75394 1.26871
6.01289 0.49543
7.17351 -0.39373
6.22885 0.44269
5.84663 0.68079
6.58058 0.43527
4.45221 -1.09916
6.16493 -0.50900
6.53961 -0.17326
4.96499 -0.05210
6.80063 0.43447
6.23695 0.12439
5.70930 -0.93474
6.44295 0.26614
7.58949 0.42741
6.12731 0.39185
6.17375 0.75655
5.67845 0.58375
5.40511 0.32143
6.58124 -0.04912
5.40074 -1.16267
6.05010 0.30073
5.66564 0.14538
6.33529 0.19011
6.23356 -0.89372
6.72628 -0.75674
5.64299 0.73721
5.81109 -0.02769
5.31487 0.47705
5.68899 0.01982
6.26411 0.02083
0.65680 10.97955
-0.36123 10.64724
0.06728 10.04174
-0.32359 9.54714
-0.30415 10.48876
-0.21642 10.27544
0.15549 10.62664
-0.33512 10.44462
0.87903 10.73469
-0.62623 9.62534
-0.13081 10.92218
-0.30781 10.13832
1.01288 11.45268
0.13759 9.51757
0.72229 11.21517
-1.03989 10.13854
0.18694 9.54401
0.62274 9.66128
0.05760 9.77576
0.74584 10.29692
-0.36210 10.36598
0.98654 9.59841
1.60923 9.98295
-0.25399 11.49959
-0.31185 11.20928
1.01737 10.30543
1.10570 10.02660
-0.36600 10.08402
-0.29413 10.42946
-0.19725 9.28405
-0.94112 9.81984
-0.64306 8.83199
-0.70290 10.27946
-0.53746 10.45304
-0.02428 9.66177
0.16395 11.10179
1.08535 9.14196
-0.69885 8.97494
0.68903 10.15712
-0.14979 10.73297
-0.03462 11.17875
0.47237 9.67878
-0.78591 10.75508
0.26769 9.97304
0.11652 9.87916
0.34472 10.61856
0.20242 10.45663
1.71871 8.89653
-0.44642 11.03358
-0.37170 10.96606
-0.43620 9.56211
-0.38883 10.27706
-0.44617 10.34582
0.83231 10.18247
0.99435 9.61479
-0.39952 9.52986
-0.58265 9.98211
0.32999 10.82091
-0.38656 10.38052
0.44305 9.74057
0.14205 10.54019
-1.06102 8.00602
1.08325 10.80414
1.25711 8.78220
-0.42895 9.74629
-0.27139 9.21623
0.20011 9.09372
0.23412 10.81258
0.46098 9.67261
1.40714 10.24255
-0.12386 9.96716
-0.55881 10.33393
-0.96552 10.05378
-0.51165 9.10191
-0.02319 10.69739
1.25619 9.65437
-0.36233 8.91039
0.15665 9.70032
-0.01150 11.05053
0.83188 10.59516
1.76885 9.75594
-0.37161 9.75552
-0.34261 9.77486
0.73091 11.45372
0.47732 10.26735
1.29270 10.30103
0.40875 10.72120
-0.25150 10.16715
0.41346 9.81867
0.77609 9.86256
0.57434 9.94988
0.35509 9.97394
0.74667 10.50934
0.81851 10.03636
0.96751 10.51285
0.45410 9.94350
-0.11698 10.05504
0.10270 8.60126
0.84456 10.64143
-0.57185 10.24254
0.25807 10.69861
-0.27534 7.97262
0.02012 11.46186
0.89492 9.90229
0.13377 10.77573
0.03251 9.27207
-0.95190 10.42894
0.52238 9.26261
0.45184 9.56336
1.51428 11.33982
-0.21544 9.86652
0.15341 10.15220
0.17457 10.60905
1.10422 10.34698
-0.06671 10.10529
0.19532 10.25547
0.42553 11.68239
0.13063 9.95967
-0.31250 10.14077
0.13586 10.73546
0.75154 10.77387
-0.71856 10.83092
0.09308 10.44711
-0.49008 9.19990
0.83653 11.14340
-1.06623 9.19756
-0.39125 10.21184
0.26405 9.47201
1.09587 9.95510
-0.04603 10.23013
-0.38864 10.22495
1.31681 10.29534
-1.01361 11.12960
-1.53916 10.31747
0.30801 9.82909
-0.35144 10.67486
-0.71486 10.83263
0.49585 9.14067
0.17066 10.41818
-0.39486 10.49082
-0.89621 9.79171
0.61072 10.96299
0.45514 9.89496
-0.06942 10.08790
1.29265 9.87885
-0.74906 10.01091
-1.06787 9.23261
-0.48434 8.99196
-0.03191 11.11615
0.17034 9.40713
-0.16887 9.30603
0.24644 8.49263
-0.87608 9.55273
1.01064 9.07384
-0.05751 11.14941
0.78211 10.70687
0.23991 9.51829
0.31973 11.57671
0.39884 10.68724
0.31340 9.77262
0.44991 8.25042
0.93041 11.60366
0.13756 9.02730
0.49630 8.84822
-0.06281 10.71580
1.00808 11.70783
-0.47347 10.96899
1.26066 10.39474
-0.02811 10.41633
-1.00154 10.59739
0.08967 10.53125
-0.47674 10.19683
0.58845 10.07294
-0.45684 9.95618
-0.31233 9.47222
-1.32268 9.80353
-0.31661 8.81493
-1.69672 9.93116
-1.10873 9.30799
0.53229 9.22749
0.55006 10.12593
0.29782 10.97440
-0.67688 10.64282
-0.03340 8.90065
-0.00252 9.30726
-0.81086 10.65854
1.05238 9.31226
0.61415 9.84276
-0.15467 10.38504
0.01882 9.32216
0.14587 10.07376
-1.42921 9.06618
-0.17302 9.57904
-0.47739 10.22385
-0.70113 8.88490
-0.19677 10.30833
1.25838 9.98625
0.44859 10.38674
-0.39983 10.15674
0.40081 10.95490
6.08766 9.26716
5.69942 10.37566
6.08561 10.82999
6.38031 10.50327
6.03420 10.69723
6.02841 9.47024
5.50861 9.00473
5.53597 11.05093
5.01818 9.77412
7.22470 9.82442
5.12930 10.92974
5.51497 10.38936
5.49711 10.31912
6.62645 11.51550
5.79354 9.54954
6.87342 10.64949
5.52856 10.03991
6.19530 10.18801
5.41526 11.06993
7.50160 10.35549
5.16868 10.37681
6.21687 10.75076
6.44364 9.74453
6.28966 9.41255
5.87030 9.26863
5.90913 8.62355
6.03067 11.43934
5.89710 9.22775
6.67472 9.84512
7.54737 9.80623
5.60976 10.21518
5.04114 10.57102
5.93820 10.60233
7.80580 9.59185
5.43743 9.88301
7.14738 10.19781
7.17439 9.82592
5.61249 11.12514
6.39829 10.34368
7.13988 10.51441
5.73461 10.46402
5.85749 10.82143
5.59282 10.12672
5.28967 9.09222
5.54551 10.27978
5.14324 9.54405
6.02386 9.62997
5.46102 10.41045
6.16365 10.86680
4.91087 10.01489
6.23162 10.21618
6.58347 11.19155
4.60439 10.16853
6.26184 11.82118
6.85937 10.39586
5.15325 8.76747
7.17080 10.52734
6.29331 10.26681
5.50649 10.90283
5.96096 10.47123
6.39083 9.90308
6.05320 9.14299
6.37713 9.85368
5.35553 9.40464
6.11855 9.59363
5.01040 10.41200
5.92214 11.16893
5.36726 10.27627
5.48513 9.16288
6.86527 10.31122
6.76392 10.83764
6.42640 9.57315
5.23538 9.90619
5.77851 10.01028
6.84917 9.45057
6.09920 10.45380
7.62353 9.91534
6.27532 10.29367
6.13443 9.37876
5.78362 9.69378
6.09348 10.50567
5.89327 9.73902
6.49568 11.20887
6.66969 9.72025
5.44981 10.15728
5.06814 10.65281
4.71466 9.00714
6.35559 8.76743
5.22764 8.93204
4.49298 10.88381
6.27201 9.61370
7.74510 11.79074
5.99575 9.60503
6.58694 10.12919
6.05728 11.07948
5.93078 11.40427
6.64335 11.44305
5.79681 10.84586
6.18717 10.71684
6.22519 10.41477
5.53234 10.54485
6.69443 9.61417
5.87753 9.42726
5.47098 9.99764
6.37556 9.88087
5.37107 9.68274
6.01973 10.48747
5.99362 10.66871
6.76013 10.06188
6.33229 11.03427
5.98248 9.20082
6.57244 9.86444
6.97315 9.49822
6.39047 8.69342
6.00725 9.94212
5.08171 9.91478
5.25442 11.05941
5.78634 10.44157
5.57334 9.28307
5.86912 11.29786
6.03965 10.85472
6.37078 10.40747
5.95065 9.84146
6.34055 9.32839
6.04513 9.73946
4.61717 10.76212
5.34247 11.31921
5.89914 11.08027
5.15321 9.65781
6.41995 9.21627
7.07153 10.09862
6.85313 8.76209
5.85059 10.22622
7.04351 9.89668
6.10407 9.67377
5.76404 8.88371
5.57062 10.35952
5.78827 9.62711
5.72828 9.18106
6.11929 7.98942
6.11240 9.98074
6.00213 11.24058
6.30586 11.16288
6.83345 9.68003
6.66469 9.57845
4.96057 10.32814
4.21226 9.30113
6.65402 10.21125
5.04318 10.53626
5.84266 10.85885
5.18092 9.92989
4.73861 9.85743
6.37902 9.38541
6.53141 9.42118
5.59644 9.84146
4.18627 10.25716
5.61763 10.63951
6.27426 9.43777
4.96476 11.04488
6.12835 9.81021
5.98928 9.98504
6.40550 9.47695
6.08371 8.30303
5.31885 10.61883
6.83760 10.51579
5.88903 9.80307
5.98089 10.04689
5.34671 10.36116
5.68970 8.90622
5.38064 9.62966
5.87894 10.55599
7.19820 9.12200
5.03967 10.20549
4.87051 9.05039
7.02982 10.32650
5.85347 9.97505
5.53165 8.86941
6.72793 10.81532
5.57607 9.48579
7.27821 9.43282
6.47455 10.14040
5.65846 10.80405
7.51012 9.28892
5.57600 10.04318
6.51947 10.30017
6.20950 10.48517
6.91122 10.12351
7.09306 9.74308
6.02240 9.42069
5.47261 10.06030
6.32198 9.24950
5.52560 7.95505
7.40937 10.30559
6.09557 10.63275
5.74427 8.34595
6.12928 9.29319
5.05701 10.43341
5.31987 11.44025
6.84029 10.01456
5.54017 9.49040
