8.59210 -2.18672
11.69200 1.33326
11.81676 0.04733
10.26626 -0.91511
7.84209 -0.58012
11.45492 -2.48690
11.75758 1.60547
8.44077 -0.97352
8.73143 0.21221
9.88203 -2.10978
10.77299 -0.08150
10.35309 -1.89453
8.50979 1.78822
13.42839 1.40453
8.92507 -0.63180
12.11852 2.77932
12.98724 1.89949
11.62207 2.33648
9.53852 2.11086
10.15815 1.10504
9.03488 0.67102
11.01022 2.66741
10.48445 -0.52035
10.74636 1.57239
10.43805 0.12835
10.70360 2.60866
7.01909 -1.38953
9.15779 -5.82466
10.27070 0.73681
7.93445 -1.05796
6.92319 2.83337
9.21674 0.96742
10.48439 -0.14355
12.35043 -1.26280
14.39824 0.88800
12.79261 -1.72346
11.11162 0.29944
11.67823 -2.23827
8.64467 -2.78224
9.60576 3.04205
10.08887 -1.94112
7.82288 1.12840
9.31652 -3.64263
12.56597 2.39717
8.41752 1.87333
8.11966 -2.02961
12.19483 0.71434
10.52719 -2.38184
7.33487 2.43524
13.11162 -3.43271
7.92045 -1.34407
9.17436 4.86843
9.99569 1.58318
8.15543 -1.14498
10.37159 -0.59674
5.80900 2.90647
9.07609 -2.67523
5.69053 1.11877
11.45953 1.48691
10.66721 -0.19997
10.63238 2.27341
10.14850 1.87110
9.75090 3.08952
11.55921 0.28790
8.79733 -2.93985
7.46204 0.05498
8.44267 -0.99158
13.67328 -3.12985
10.39790 0.45713
9.93094 -2.03978
8.85667 -1.15190
10.11549 -3.39766
7.67916 2.02989
9.08511 3.58881
9.07900 -3.47738
8.70306 -1.02841
10.64008 2.10459
13.48104 1.57740
6.77085 0.49528
12.86532 -0.80402
10.01081 -0.48278
9.38854 1.82139
9.62914 -0.62667
9.37437 -1.67293
8.92126 -1.21202
9.26206 -0.64367
6.96402 -1.81171
8.80598 2.03762
10.54196 -1.71218
11.40358 -0.74222
9.52420 0.34965
8.96404 -3.19942
8.91974 2.74928
9.78474 -3.28014
10.44715 3.46732
11.77243 -1.41138
9.69866 3.54671
10.08085 3.05144
10.28385 -0.65359
7.52243 0.05319
8.35826 4.49940
13.90293 2.85954
9.94292 1.28767
5.95294 3.07120
7.94302 5.22302
6.26059 4.11294
5.81469 4.02468
12.74986 3.36628
12.44241 1.81558
5.66926 4.19863
9.01223 5.55191
9.12596 -0.91261
7.31556 4.98427
12.89041 5.07792
9.14843 7.16293
7.11431 3.64075
11.90132 0.66316
5.90486 5.75455
8.35185 5.11459
7.54630 3.87404
6.38929 3.69075
6.73462 8.49647
10.88303 4.49307
13.24461 1.93540
12.08081 5.09828
11.98649 2.08856
9.82713 4.96131
7.52861 4.60947
7.39253 4.86607
9.69759 3.97414
9.23817 2.71332
8.94283 3.11946
7.99039 3.76315
10.06365 9.29320
7.46077 3.08145
13.22206 4.01664
8.28584 4.52804
8.46457 5.75480
8.43411 5.76142
6.82721 0.88795
9.57511 5.46539
7.41226 4.97182
12.58843 2.48929
13.85495 0.92353
7.71422 3.34886
11.78486 7.36987
8.20880 3.24136
9.99327 4.96477
5.79229 4.51459
6.79816 3.23281
7.90476 4.27284
6.94470 4.74958
9.92810 5.29619
8.88358 7.05614
10.67045 8.27341
6.81936 -0.64573
10.09517 7.52381
9.77530 3.08739
9.34486 0.51586
7.85917 5.25962
10.35472 0.94730
9.07146 4.09992
10.10149 5.49209
7.95061 4.39554
4.40079 1.55847
10.57247 6.96050
7.85780 9.61118
11.69063 1.61469
8.11239 5.70947
10.62080 2.50885
9.05823 4.78420
7.77335 5.06730
6.40941 1.36745
7.27203 3.66314
10.52617 3.44046
10.04693 2.77021
11.78870 8.57149
11.08290 4.08188
8.63989 3.83679
11.84680 2.85035
11.06267 0.83183
11.37728 5.27337
7.81993 5.18755
5.53321 1.62954
12.10340 7.31210
6.93327 3.94327
3.33022 4.04898
9.85058 3.95246
4.87636 3.61797
7.11086 5.33453
11.23166 5.92334
3.66022 8.34213
7.39969 5.26915
7.03613 4.38710
6.95605 3.08803
14.55576 4.12723
12.92025 5.21763
10.06725 2.18894
6.82262 3.97834
6.36624 4.93395
3.21178 12.92967
-1.12155 13.58804
-0.35887 12.26239
-3.23114 8.20609
-0.85106 8.67519
1.09319 6.81047
-0.22433 8.52551
-2.70312 12.07507
0.60264 9.43293
1.04910 9.02528
1.88060 14.46822
-0.07059 9.12905
2.36049 9.30166
2.41708 11.33999
1.08984 7.18911
0.22503 9.22150
-2.02342 10.62155
-0.83629 16.98453
0.11470 11.62247
1.13784 9.85942
-1.25202 11.02577
1.56650 11.54558
-3.07388 8.44287
1.43411 10.42556
1.17642 8.17053
0.94869 7.81484
3.43933 10.77689
-1.17455 13.23549
1.36483 8.59893
-4.90602 10.52834
1.51518 7.71452
2.73924 12.85802
-1.26037 9.75786
-1.20829 6.56109
1.39184 10.58597
-2.03902 9.10655
0.53335 7.84058
1.50084 7.45424
0.84679 9.78888
-1.05847 9.44396
-0.01906 10.08769
0.23957 9.40819
0.46600 10.32962
-0.98865 14.37372
1.12827 10.11519
-0.25537 10.33249
0.64293 8.74403
0.19375 10.29142
-0.23520 9.99901
1.88558 12.47106
-3.32146 8.69393
1.14940 10.95903
-1.48480 12.76289
0.82043 10.20201
-0.12255 9.41776
-3.83622 7.60295
-5.95072 11.01197
-2.25213 15.66103
1.58188 12.40023
-1.18332 15.27416
-1.16448 13.73186
-2.48614 10.47783
-4.19690 8.32368
7.13139 11.38090
-1.05772 9.91960
-1.97194 11.49004
0.21157 9.92553
-0.49659 7.98157
0.11023 11.51521
4.14194 12.69109
2.45426 8.23560
-1.42845 10.64576
-0.40189 8.44514
-1.42512 9.05184
0.48380 8.51873
-0.60848 10.73389
1.70283 8.65911
0.51318 10.25901
0.53710 10.47371
2.43059 14.11883
-0.29338 10.46580
-1.73480 13.38631
1.41125 10.10491
-0.00744 10.91438
1.23698 12.67889
1.90317 4.71642
-0.17852 8.80877
0.30732 13.61023
-0.93711 13.12804
-1.37735 10.34701
-0.32075 9.09961
1.96988 12.46034
2.94363 10.86083
1.59909 10.30737
-3.37689 10.77372
1.04357 9.43055
4.31720 7.59866
0.87818 12.07590
0.88438 12.29496
0.18823 9.18062
-7.76947 7.81193
-0.73693 7.85871
-2.73625 7.21318
-2.98415 7.95897
-2.92301 10.04728
-3.29545 9.86712
0.61321 13.86913
-4.01634 8.80543
-5.51279 8.12122
-6.07743 7.80874
-4.99231 8.39506
-4.74270 6.96185
-4.93094 10.66437
-5.21380 9.22556
-1.82824 10.16663
-5.20939 7.77166
-4.64793 8.42785
-4.23832 7.37529
-6.73566 12.38703
-3.42052 10.76313
-2.57329 10.20253
-3.34300 13.15521
-3.71959 8.07349
-1.57621 7.65635
-7.25020 9.06535
-5.01273 8.26997
-6.10094 8.84514
-3.60389 9.48910
-2.82394 11.47297
-2.12826 11.63467
-5.83448 9.72522
-1.62437 8.81365
-2.21001 10.32048
-6.56151 10.82569
-4.69776 8.30748
2.51190 10.42939
-1.99667 11.17063
-7.93340 12.88950
-4.21132 11.34172
-3.69538 10.38561
-2.70512 8.05678
-6.24418 8.67952
-4.14290 9.23656
-4.95382 10.29004
-4.77113 8.18387
-6.87910 6.82393
-2.07722 9.17578
-2.91306 8.46938
-2.07751 9.03864
-5.21139 6.11328
-5.05789 9.85224
-3.78398 6.21642
-0.82319 12.87761
-6.90797 5.10941
-0.68000 10.15207
-2.02214 7.52400
-3.60095 9.49644
0.69583 11.96337
-6.52051 8.14402
-8.13748 7.03392
-1.70340 16.09854
-5.97356 6.07802
-1.97423 10.32192
0.50882 7.17706
-4.96344 7.98960
-6.59147 9.71450
-3.55998 10.40850
-5.33140 8.86549
-6.52695 9.70996
-4.83295 7.97658
-2.16622 8.09606
-2.67263 9.89144
-6.12077 10.28073
-1.78431 7.63208
-0.00632 8.85801
-3.93590 4.62642
-5.21972 9.90601
-4.52086 8.32003
-2.26361 3.96530
-5.85613 11.10251
-6.25716 7.13177
-6.70343 10.19078
-4.88163 7.19392
-5.58176 10.36222
-4.09990 13.01042
-1.58293 13.99395
-3.77264 9.75930
-4.10604 11.59512
-1.43804 7.88127
-0.87069 9.98490
-5.02424 7.94511
-3.52129 8.32577
-6.02859 7.88707
-4.27309 10.45064
-2.73311 6.02241
-5.85758 6.70552
-5.55428 8.18152
-1.97824 7.40639
0.59589 10.81413
-2.43321 7.86770
-8.97976 -0.44768
-7.25673 -0.20961
-11.86787 4.26963
-10.75897 -2.15310
-10.07911 0.32100
-10.66306 -0.44139
-9.76081 3.74819
-7.65108 -2.80492
-7.33434 -5.36663
-10.20860 2.46938
-10.61521 2.05140
-8.85512 -1.90969
-10.51251 0.17348
-9.14934 1.89958
-10.45489 0.38298
-9.28226 1.55240
-12.19800 -2.37506
-9.41495 3.14710
-10.15048 -2.05930
-8.10352 -0.00230
-10.05429 1.80290
-12.27042 2.84283
-8.94355 1.08797
-11.61776 0.51755
-6.84497 -0.75179
-8.51237 2.43990
-7.87501 -0.44402
-12.82800 -0.11082
-8.09356 -1.64115
-9.78222 1.10353
-9.70155 -3.48613
-13.07100 -3.24677
-11.37541 1.55049
-8.95279 1.52237
-11.33829 0.72188
-10.70955 -1.17151
-11.74100 2.04056
-11.38902 3.63459
-10.50687 -1.18466
-7.45815 -1.15449
-13.69953 0.40621
-8.83502 -2.04473
-7.76943 0.56484
-10.79141 3.17791
-8.87633 1.19125
-10.61093 -2.90095
-7.47632 -1.94505
-7.58083 -1.23768
-11.50486 -0.03849
-10.41097 1.06133
-13.33916 -1.84758
-7.92937 -1.98542
-9.74471 -1.26901
-6.36142 -3.19184
-11.77814 0.10697
-9.75068 -1.68926
-12.09596 0.47282
-10.33375 -0.72293
-10.04224 -0.81682
-11.24242 -1.00934
-11.93423 1.61930
-8.93295 0.51731
-5.59457 -1.43472
-8.98437 2.28037
-10.35124 -0.10780
-9.93399 -0.42342
-10.20833 2.73564
-11.78401 -1.87018
-10.50580 -4.25056
-9.77275 -0.05336
-7.60739 0.51649
-9.58886 0.34495
-9.70509 0.01225
-6.47706 0.36931
-9.47302 0.34706
-6.20109 1.16890
-7.90599 -2.79729
-12.03678 1.03792
-10.63206 0.73453
-9.04281 0.52797
-12.26856 -0.87525
-6.69983 1.61214
-7.73918 -1.81185
-9.97897 1.75225
-9.52355 -0.74006
-8.85686 3.21478
-8.81619 0.11545
-6.29060 0.66334
-11.01245 -1.30925
-13.26649 -0.63614
-12.36691 1.78374
-11.47657 0.33206
-10.14633 3.44566
-10.55057 0.09704
-9.38218 2.97695
-14.10501 -2.35228
-10.54708 3.16773
-8.56385 0.19243
-9.05580 0.18657
-11.35974 0.64141
-10.41140 -4.59588
-12.18588 -4.26959
-7.86881 -3.17160
-11.00158 -3.74382
-8.80145 -5.67843
-9.17930 -5.85102
-6.54835 -1.45284
-8.24227 -0.70156
-6.88390 -5.99413
-9.63213 -7.92393
-7.43563 -5.38360
-10.75558 -5.67636
-6.40369 -3.84002
-8.82444 0.58241
-11.28093 -5.91478
-8.08441 -3.71948
-14.07521 -6.84552
-6.09099 -1.69545
-10.78728 -3.43491
-12.55901 -5.74310
-10.55673 -2.07235
-12.51775 -5.50820
-7.67632 -4.32126
-7.19325 -3.13372
-13.24798 -6.35714
-10.11352 -6.60588
-2.93224 -3.48341
-9.59080 -3.26047
-7.80461 -3.60342
-12.20832 -3.93918
-10.15490 -5.24304
-6.54623 -4.23467
-8.65583 -6.89345
-6.68239 -6.54937
-9.26403 -4.14876
-9.96389 -3.88721
-9.66394 -7.59898
-9.91157 -6.15958
-11.25387 -2.06990
-10.17364 -4.24231
-12.60803 -6.54983
-10.44456 -1.22010
-6.31338 -3.15815
-6.38742 -1.51857
-8.14253 -5.69791
-9.70014 -0.97670
-10.52850 -2.67201
-7.28230 -1.85923
-6.05921 -3.92928
-10.60472 -6.12287
-7.93357 -9.36810
-10.41982 -1.77690
-6.04381 -5.32039
-9.66054 -2.90469
-11.52221 -4.49824
-10.79557 -1.51719
-9.11647 -5.42489
-9.24493 -5.67142
-8.11594 -6.37989
-9.07668 -6.84437
-8.92040 -2.61039
-9.24586 -6.13279
-9.49724 -4.86379
-6.75767 -4.70045
-11.36035 -5.42092
-13.32520 -3.38690
-5.50742 -0.87465
-10.22045 -4.35936
-10.28898 -4.69637
-11.43552 -1.36770
-10.22395 -8.19351
-13.34189 -3.15082
-8.36899 -4.25970
-8.56272 -2.55000
-9.28286 -4.26970
-13.14243 -3.22108
-7.93645 -6.44381
-10.69175 -8.93899
-10.56342 -1.08618
-6.28543 -2.38782
-9.58127 -2.18531
-8.90745 -0.35319
-9.30159 -4.83890
-12.38318 -4.59968
-8.14145 -2.03727
-11.33896 -1.65624
-11.24019 -1.34738
-8.01088 -5.94297
-11.65815 -5.28073
-9.71405 -6.77680
-9.47510 -6.56087
-6.52029 -6.49389
-7.57893 -4.15513
-9.01674 -5.57471
-6.53159 -0.14125
-6.81986 -3.33925
-8.89954 -3.78498
-8.33350 -5.03049
-6.87994 -2.72393
-6.94230 -3.38661
-0.46359 -9.38909
2.50797 -14.17348
-0.11685 -10.23235
-1.58115 -10.41973
-0.25572 -8.23971
-2.29977 -14.32206
4.91683 -4.82378
1.48631 -10.45674
1.27548 -7.51221
-0.04294 -9.67495
1.96194 -12.58488
-2.00074 -10.87854
-2.90483 -10.42775
1.27756 -10.77034
-1.13659 -14.95990
-3.28635 -10.09004
-1.59049 -8.99568
-2.23071 -10.09178
2.71158 -13.65708
-2.98478 -10.26685
-0.01914 -8.97362
3.44908 -11.46085
1.64098 -8.18218
-0.21391 -12.44304
-1.08524 -8.23377
-1.46345 -10.31073
0.52215 -7.87809
0.43948 -5.24245
3.27949 -8.04417
-2.79308 -7.46164
2.55831 -14.85428
3.28247 -9.61485
0.85259 -10.93322
-1.29728 -10.52558
3.92698 -9.71341
-1.44219 -10.76078
-1.34418 -8.18978
1.70053 -12.20489
6.06057 -7.90021
1.02252 -8.91272
3.62445 -10.41571
0.66971 -6.70878
0.71169 -9.36684
-2.19828 -8.43013
1.02857 -8.08962
2.17232 -6.52590
-0.10447 -10.84436
-0.86615 -9.84914
1.46129 -12.18916
-1.64321 -10.11032
0.54331 -9.11253
2.73844 -8.04811
-2.32088 -8.32516
-3.49112 -10.18861
2.86782 -10.36927
1.87218 -12.70418
-0.54732 -11.99882
1.21575 -12.42183
0.62244 -7.98191
0.11892 -10.57623
3.17124 -10.31866
4.15818 -9.76716
-2.38735 -12.42600
-0.40599 -10.04237
-2.36544 -9.40770
-1.29062 -8.71850
2.57579 -13.40101
3.04906 -9.80878
-1.96436 -10.58891
3.72412 -11.15126
2.91297 -14.94715
1.43330 -6.96733
-3.63093 -10.36784
0.83165 -10.40907
0.01157 -5.94156
3.29101 -9.82016
1.64269 -11.39365
-1.75788 -9.44876
0.25838 -7.39326
1.41694 -8.72527
-2.53923 -10.36442
-1.79264 -9.31359
0.39464 -11.27957
-2.65227 -11.90145
-2.02740 -14.03374
2.27850 -9.52607
-3.30321 -6.97323
-0.28298 -11.04982
1.88447 -9.63777
0.95064 -12.47149
2.26249 -10.59890
3.36440 -7.90991
-0.81681 -12.45051
0.30541 -11.12810
0.04312 -9.80223
1.49078 -7.98193
1.19985 -9.29720
0.08454 -10.95664
-1.45199 -9.95327
0.38896 -8.33088
3.54944 -9.58734
1.97768 -7.77067
2.65324 -11.07207
5.86726 -8.33113
5.10975 -11.44031
4.45357 -10.31324
5.83764 -6.12794
3.18946 -10.23041
2.93125 -7.50404
2.65060 -9.49465
4.75544 -10.10413
7.63404 -10.34886
2.80387 -8.10650
2.79924 -10.83633
10.19180 -6.28777
4.88622 -10.75626
2.79283 -10.32695
5.69215 -8.71844
4.93048 -9.93790
0.98836 -13.28336
3.36331 -9.67728
3.90356 -10.22206
3.66755 -8.95197
2.52076 -10.65819
6.18214 -7.81805
4.94079 -13.12249
2.45143 -7.54004
1.68421 -8.24486
6.72687 -8.34703
7.39452 -8.02861
5.07361 -8.76782
1.84769 -9.47019
3.69548 -7.01719
2.13637 -10.79739
0.86620 -7.65844
6.49036 -10.04021
7.60467 -11.14377
6.00047 -9.65624
4.89907 -6.87292
3.97971 -11.64300
8.87184 -7.12562
5.38831 -9.20554
4.25136 -11.83301
3.50468 -11.09922
8.53553 -10.23179
6.24407 -11.29704
4.55676 -10.95883
5.21726 -8.47000
6.16850 -8.32716
0.71540 -10.29631
3.97741 -9.78122
3.71421 -12.51262
6.36475 -3.80696
4.83780 -11.59246
1.64238 -10.17737
5.81309 -7.13418
3.60926 -11.70280
4.09560 -9.29570
0.10757 -7.82991
0.58449 -11.62276
4.41934 -9.12064
0.56662 -9.42437
2.26216 -7.85579
2.18522 -9.22390
3.73393 -9.21561
3.85675 -5.70295
-0.63193 -10.01755
8.61735 -10.30223
6.23526 -10.49292
0.13816 -9.66277
2.33979 -9.61416
4.60819 -8.46599
9.22482 -8.31997
5.03029 -8.84142
6.51447 -12.74644
5.09389 -11.15962
6.59683 -9.22635
5.14544 -6.53700
7.45491 -9.60624
6.90543 -7.65201
5.84451 -11.70215
2.44308 -12.07569
1.14970 -10.34348
5.02030 -8.08992
4.72057 -8.80140
5.24710 -6.60486
4.23774 -10.52990
5.08673 -9.13359
4.30406 -7.56716
2.04034 -9.44109
6.78586 -6.55841
4.40120 -8.07683
5.78059 -7.97433
3.64027 -12.35931
4.92697 -8.99288
4.11810 -4.41947
5.85899 -10.47373
5.49416 -11.92766
2.94452 -12.83058
1.38555 -10.78116
