97.90235 3.20898
101.60586 1.93603
98.15388 -2.74359
105.08769 1.28646
99.89453 6.34534
96.47060 6.76665
102.68356 -3.88007
97.65445 -1.29311
94.86578 -3.15078
108.84281 2.17056
89.17505 2.53749
102.92005 1.02024
98.60757 8.14200
96.81010 -6.72469
108.50713 1.46546
103.34463 1.04646
100.95324 -2.48865
100.70123 -0.68818
103.19713 -2.40552
100.57623 1.09866
106.10761 -8.69601
100.15735 -1.37998
104.84987 0.94371
103.81863 2.67220
100.98684 6.92837
100.66859 -9.18033
99.84551 4.34583
100.75990 -1.51417
94.17826 5.62932
102.02142 -3.70783
101.14065 2.30525
97.50176 -5.60903
102.85108 1.60908
101.15569 1.86867
96.05789 2.13296
104.56962 3.59040
103.52705 -3.52802
101.33822 -1.09902
106.65842 -3.21724
106.16817 -6.16118
99.85759 -3.11943
103.67152 9.26691
96.36716 4.35722
101.99649 -3.55448
101.27739 2.53191
105.49308 5.02481
98.53694 -2.14411
101.92268 -2.22918
97.94027 1.09316
102.18768 -3.94684
100.60845 4.17514
97.35767 6.28384
94.68093 1.18377
101.10738 0.67289
101.51439 4.89046
92.12430 -5.74901
101.09130 1.16498
93.91013 1.01880
96.22202 0.42798
95.55548 -1.57395
103.28557 2.05070
101.01228 -2.42706
105.64950 0.43648
104.95369 2.88157
99.78358 1.36144
107.12165 -11.31768
98.86981 2.58604
95.18518 1.70149
102.23466 1.53818
104.37379 2.90759
91.67290 -5.19686
100.86694 -7.59357
89.79064 -0.61870
105.48719 -6.05241
93.69932 4.54694
94.26794 -1.01262
100.98087 -5.52321
104.26378 1.56008
101.18488 5.90752
107.08922 -0.94113
93.29901 -1.72509
94.60715 -0.94754
98.77004 -8.78761
103.94244 -0.08131
97.60672 5.11669
103.07281 6.23585
97.19885 -0.72329
99.30599 1.13254
102.11387 -4.39051
95.06462 8.96905
98.84484 7.00108
106.24821 11.77320
100.39918 3.02112
100.75772 1.11873
105.95435 2.47948
103.82224 -1.53324
107.67494 -8.42608
99.79114 3.26489
94.93791 2.28365
103.24111 3.22827
98.16317 4.25839
101.75051 -4.53695
98.57606 6.75249
96.96220 5.97265
106.15831 -4.82749
96.44677 4.41961
95.13505 -1.01585
107.51108 -8.99466
95.98330 -3.39805
96.74884 -2.94885
96.05342 0.84485
101.08785 -2.15959
101.56609 -0.37765
96.87388 0.91639
98.83405 -3.28588
95.63427 -2.90873
101.30843 -0.19831
101.09441 4.13652
96.50804 0.78359
100.41327 -0.80217
105.68349 0.34015
99.38248 3.06811
102.13742 -1.02375
95.15983 3.40917
99.99702 5.54815
98.80276 -2.10767
102.29460 4.85689
93.90597 -7.68567
97.42609 3.24122
101.18854 1.53311
99.49849 0.37460
101.24818 3.21588
96.73752 -0.89477
96.27523 -3.13303
99.41293 2.64028
103.00815 -2.27936
103.61440 -2.13317
102.95986 -3.95448
97.05286 2.59100
96.40857 -3.56447
101.37136 -3.43707
100.16992 1.30984
103.09012 9.76873
99.91036 -0.93790
106.86847 3.57026
99.91068 6.60207
99.39369 -0.41964
101.01924 -1.11936
100.95550 1.73979
101.76456 -4.65531
107.84314 0.67916
98.25649 -5.12978
96.86819 -4.66545
99.37568 -1.42757
98.38483 -1.37882
100.17122 5.07858
100.39360 1.64592
93.43671 -2.15501
94.41877 -5.14880
97.77375 5.42907
106.43526 3.62317
107.59762 -4.47526
101.40997 0.82062
103.19428 -3.87357
98.18398 -2.30144
95.84584 6.94180
98.71482 0.61601
98.67814 0.16608
97.17805 2.58090
102.41666 -2.67504
105.99412 0.57882
99.05648 -4.13532
97.17790 0.70022
98.15637 0.32227
103.08014 0.65056
102.16720 -6.23992
98.08527 -5.95969
103.18533 0.24222
90.38833 3.09636
104.89198 -4.87735
103.21788 -3.77132
99.11009 4.71614
105.81128 -0.93212
100.14874 -3.48158
103.80759 -9.14244
106.63161 3.01545
97.51168 2.25210
110.21327 1.38596
94.50621 -6.74073
98.06788 0.74588
93.21030 0.06569
99.82105 -1.63890
102.22684 -0.01502
93.82122 -5.18328
103.73739 3.31345
98.19489 -0.28853
101.44900 -3.22692
97.00367 -1.51227
101.55536 2.24400
105.81172 -0.29333
101.63744 26.27003
98.02401 24.97435
99.36088 25.11662
89.78351 23.15819
95.80484 26.36558
93.13587 24.49894
97.06956 24.10666
97.60072 31.77218
93.03281 21.14467
97.04314 24.03033
100.02229 29.44872
95.32202 26.27770
94.37510 24.66799
97.00052 26.55587
94.02370 21.17466
100.35060 23.57543
95.14298 25.83333
90.26555 24.73029
96.76799 27.24296
96.46162 25.57084
96.79198 19.41828
100.61538 28.65298
97.44348 21.65021
96.05723 24.25306
96.35067 34.08302
97.05061 32.34667
96.64124 24.61606
102.84034 26.25974
90.49109 26.78119
96.91342 25.03666
97.31246 23.49248
101.23218 19.17146
99.01181 20.64487
98.64757 23.85111
103.66326 28.00384
92.63277 27.02972
94.40274 23.93628
101.89593 25.90904
99.62350 27.42221
97.57069 30.12879
98.50216 24.03788
97.47985 22.34914
98.96690 21.62277
92.57898 24.07519
101.79532 18.59163
99.23573 31.08245
95.95172 20.76063
98.81205 20.13790
93.93473 28.45778
97.64715 20.76806
92.22691 22.37714
97.16009 29.30182
96.25689 30.12409
101.30484 19.40664
93.36170 22.14296
92.29348 28.24457
100.04948 30.72891
96.47441 21.88627
98.94387 23.50070
88.23456 25.98967
93.24806 21.87190
100.18108 22.92169
96.85274 20.95161
100.59951 19.09517
102.86457 24.07077
101.02823 28.71252
95.88649 20.90267
106.20708 24.25494
105.39718 24.51916
96.35421 25.71834
102.55939 21.86095
96.96754 18.94421
92.37321 30.92730
102.14129 26.30464
90.97106 24.37328
96.08851 29.79742
99.45144 27.12039
101.08283 26.27961
97.00370 21.22461
101.45128 23.09653
101.83562 20.05735
93.19479 29.39554
101.51041 21.96925
98.95233 13.05643
91.58360 31.42701
99.26605 27.12338
98.63527 17.81575
96.04263 29.67732
97.95998 24.64271
94.66834 27.79119
100.19611 20.44311
91.02821 20.77846
94.15470 23.04448
100.58168 28.87130
93.60359 26.92831
98.16654 19.17710
94.21046 22.48738
86.86518 18.24471
100.68744 21.71785
94.07346 18.88708
94.37172 23.51727
97.05379 18.34611
95.93819 19.81798
96.74994 26.74445
99.72008 21.92716
89.42881 24.66396
98.25535 19.78632
95.20724 20.68236
99.65368 28.85950
97.84406 17.21419
102.07997 18.69696
94.86772 28.52970
100.53768 28.85574
92.93199 23.87187
90.36917 25.96837
97.77300 33.55913
95.50762 19.49457
98.72185 24.36243
97.60278 26.37978
99.24498 22.24315
102.61146 28.83099
101.22234 26.87732
93.67169 29.50496
95.44027 24.11495
99.92927 23.04546
101.02156 18.92932
98.14529 23.09303
97.82166 20.36546
93.93170 20.65359
96.45009 33.25332
98.90750 18.31935
100.27053 25.56952
92.47204 20.49173
98.53557 30.27994
94.45595 14.10806
89.02458 21.93111
95.54308 24.22767
94.88257 26.29321
101.71629 19.28149
96.82470 22.01414
98.03278 28.16183
92.18481 26.89119
91.35570 22.32531
102.38476 26.69120
94.80045 23.72325
96.91745 28.10082
106.96384 19.62677
103.62616 25.25606
99.46007 22.29951
93.86380 24.58386
94.26963 20.10015
104.02960 23.64997
94.56031 19.11347
96.72219 27.22355
95.53729 21.28066
101.43167 27.66949
101.86214 18.24706
96.30845 28.18364
92.88051 26.93260
95.04613 27.98744
103.22508 21.94174
102.81271 27.24469
86.32859 34.14025
93.55838 17.30920
96.43494 25.65829
88.69391 32.86964
103.88682 28.02201
95.69501 24.95702
100.10229 28.33045
97.72330 27.82129
96.41603 24.32796
96.12429 30.10283
103.06677 23.80073
94.36245 24.26150
98.24180 22.33967
98.55246 13.51527
91.40671 28.31699
94.27812 22.04661
97.92907 27.74514
99.34181 16.52853
98.87210 24.22302
100.90512 26.75874
87.02271 22.09717
97.96873 27.12264
96.42597 34.12133
105.83600 23.23025
101.59456 22.28811
98.75160 26.84957
104.94062 25.74678
93.97544 20.16410
97.59511 28.14338
100.62538 31.41156
91.58268 28.21466
94.49647 20.15380
91.68569 19.34144
98.38427 28.87110
101.67919 24.00691
91.70554 20.56666
97.48947 23.11082
99.29729 33.63651
69.58705 70.61116
70.91255 64.31177
71.88917 77.57351
72.03740 71.14097
74.03456 67.96085
81.48192 65.87699
73.39328 70.49150
66.69445 70.45196
73.66865 66.77424
77.19587 70.09929
67.15506 74.82853
71.78899 72.66422
76.69513 71.10293
76.94310 68.77576
68.26060 71.75285
69.01016 79.47481
65.33696 71.65099
69.16121 67.65631
75.24101 75.70023
64.31262 73.06881
73.35307 69.18029
74.62646 68.57772
68.21114 76.06714
75.57130 78.33274
76.27509 65.04126
71.52416 69.01921
75.82253 60.34697
66.94142 75.63902
69.19691 73.74393
71.83365 75.49512
72.91301 74.90727
75.06433 69.59515
72.22396 75.71294
76.97045 67.56318
66.05774 71.34433
69.33004 69.05618
66.21769 68.06836
68.10901 74.50288
67.92882 71.52470
63.03937 65.84618
75.50725 66.27270
74.00041 70.79483
61.45316 72.81221
70.03326 74.72506
77.96193 70.82427
76.84714 68.39684
68.37059 64.42245
72.36447 65.73218
70.72128 67.45588
62.66683 70.92404
68.26957 75.96035
70.64469 75.61126
65.38463 73.36965
70.49283 78.77136
68.64331 73.74454
72.69953 69.25298
72.72461 64.78461
70.41392 70.22180
71.27643 75.47448
74.50143 74.48052
73.16431 72.39610
76.47080 72.42956
70.58972 70.15910
73.65521 68.25337
66.88507 66.83187
70.73152 71.32393
71.72528 72.21205
72.77997 67.37781
71.13251 71.98463
64.91219 66.32247
69.84784 64.98539
70.25814 71.49526
68.79913 70.14033
70.78738 69.26881
69.04559 66.35292
72.37751 68.86708
74.23598 65.38701
63.69997 66.35240
68.68200 70.75111
76.74830 72.92462
74.41438 72.52390
71.67074 76.39765
70.55647 75.48250
72.06827 70.91903
69.02243 68.39400
72.68361 69.48221
74.41384 68.77319
69.81402 68.13363
67.57778 67.97629
70.31923 66.15302
64.93694 71.97901
71.43049 66.18706
72.97252 73.99554
74.71325 72.57616
70.81703 71.61606
69.77520 70.11198
73.07229 67.60409
69.99742 66.30046
67.40873 66.60416
72.54894 68.02905
66.18617 67.09044
72.65422 72.41501
66.49300 65.23809
68.19992 68.02916
62.35678 74.36889
67.15230 72.91728
62.37605 66.85412
66.38235 70.67655
76.41622 71.92252
73.83322 71.51971
72.27854 61.07872
68.34824 61.55874
64.88185 68.61872
66.85803 75.05556
72.78206 72.08555
68.62468 70.21158
72.94720 66.35813
72.54711 72.58520
75.98022 72.64626
65.77051 73.27295
72.18511 73.65741
68.76370 63.65951
62.79520 66.49634
70.66900 75.28311
69.01346 68.29803
61.93469 72.51919
70.73399 67.68423
66.74353 73.23327
73.46348 76.83867
77.12531 77.47119
68.15110 70.88462
77.19461 76.73895
74.17802 70.73392
69.96713 68.00606
75.74290 67.67512
72.07216 71.14920
67.29168 76.79189
66.80819 76.40706
71.89732 70.80042
76.46494 66.00804
73.25676 66.86243
67.08269 70.94360
69.10509 76.20909
76.82362 66.76927
70.70588 71.31400
78.08459 68.13642
68.27900 73.06609
75.70823 69.14642
65.58573 73.42924
73.45583 76.43080
70.12499 67.40915
70.79440 77.09158
66.67515 69.34560
72.41954 66.68386
73.66520 74.97095
78.23413 65.16734
66.13220 72.43945
67.56130 67.18849
68.58856 70.30587
70.83570 67.80052
68.20350 76.76562
63.61735 79.01323
60.11797 72.11145
69.40280 74.01668
69.65871 64.66440
68.01453 68.32172
73.61915 67.18293
69.53589 75.58190
69.44570 72.62823
76.26545 72.85470
66.63104 70.30435
67.93915 71.41319
76.85838 72.80896
70.99507 68.34115
71.44420 69.42640
72.54036 70.33602
70.73951 73.79329
68.94398 71.81151
61.58717 68.01576
72.45182 69.96523
69.79868 79.92993
71.10504 71.64704
71.83968 77.34237
59.36816 70.77572
68.97499 76.36156
66.45117 78.28847
73.97819 74.61852
73.66983 74.43681
74.57966 63.87515
72.91674 71.52185
69.40166 76.86758
67.93454 72.14903
73.73553 68.00973
69.75564 66.67743
74.38782 75.23024
73.96150 68.55047
68.09301 66.71080
66.66303 73.58397
70.03002 75.38638
74.13919 68.89862
43.07813 79.66855
48.21495 80.31128
51.65739 81.41394
51.35434 92.72620
53.93733 79.99497
50.89433 83.25673
51.47214 78.64523
54.03258 91.69562
49.25503 90.73939
52.32819 94.12336
54.86463 86.35028
57.58490 80.92730
62.76293 82.39947
50.44088 83.41538
49.22407 86.96921
50.51803 81.88514
54.56533 86.21119
52.17035 85.81042
54.05341 91.89652
52.72555 86.93538
52.59948 85.57730
54.24780 83.61541
51.06218 88.32956
51.44714 88.95064
43.29828 87.55684
50.54119 86.57499
45.70641 78.81766
44.34820 88.48897
47.73533 83.88483
48.03503 83.66390
49.32864 82.62072
56.78417 90.81299
52.36001 90.15869
51.63206 80.70314
45.23354 88.60093
52.46574 82.24928
54.32825 89.48528
48.01909 84.08162
47.08535 91.23386
52.17726 85.26004
47.64825 86.68444
51.49419 87.98511
52.65495 84.83017
55.67533 84.55081
52.59570 88.58913
51.88154 89.45024
55.00770 90.09727
48.57864 86.05683
49.63853 77.60761
53.16085 96.37692
50.42575 82.38039
43.99135 91.39699
50.26250 86.22910
53.20780 85.07934
58.84139 83.19052
54.48326 83.76598
46.40500 83.10636
46.60866 86.89046
58.64628 89.98471
47.95890 90.84197
51.90924 93.65873
47.48006 87.86415
38.97132 87.94514
49.60627 91.22836
49.32660 81.13686
53.49114 89.18372
55.30036 92.57219
55.60404 87.70593
46.41461 86.18377
43.04762 86.62381
56.35491 91.81074
45.69899 81.61860
55.88286 89.47463
54.90591 87.48040
52.74115 89.20947
51.77617 81.45199
61.47342 91.52541
48.65101 85.55071
49.03157 79.21572
47.67215 88.92129
46.24869 82.51385
49.29493 85.80306
52.73864 87.68208
49.07033 83.63348
53.90785 87.33026
54.31892 84.49768
50.21531 78.04949
54.75007 90.02415
55.41946 86.18806
57.13284 81.97519
55.26922 83.66742
52.40567 91.48110
49.38398 93.81304
46.36103 86.64008
48.51951 89.49731
43.27689 90.20493
46.39209 83.00292
51.17383 86.63613
51.17356 90.87692
51.88973 84.53925
52.56901 80.92194
54.24197 85.66076
43.05777 89.01680
44.69435 92.76194
59.06167 81.26041
53.32890 78.94508
46.32099 79.69926
53.59542 82.11985
53.61765 92.77315
48.66764 87.45179
45.93261 85.49069
47.93704 87.10052
48.02451 88.64418
49.81609 86.50510
47.53838 74.92247
54.84629 88.67328
38.47570 90.62897
55.66702 84.76037
51.72385 88.00518
51.20095 94.63948
51.24145 83.54351
48.03829 79.25985
49.97277 87.77715
61.37492 80.71891
49.57346 89.18707
49.35942 83.34035
45.79155 85.74487
49.82891 88.63494
46.36296 81.12092
51.04505 82.16904
49.85063 81.47420
47.00964 84.82531
54.15430 87.26103
46.53586 85.35398
55.36568 88.18160
52.81532 84.37590
50.24542 91.07388
51.77907 89.20439
52.09745 88.14249
60.00497 81.17122
49.84900 90.40517
55.98650 87.64599
52.09283 84.52835
50.86806 83.18992
51.27858 87.85353
51.25673 92.45614
56.45098 89.24760
49.39727 79.82270
50.83432 85.59462
50.75945 87.22042
51.74684 90.09229
54.42942 84.94287
56.40931 87.46729
49.53978 90.68236
46.52080 82.84063
48.51708 83.56738
54.82120 90.27191
42.31881 79.68550
56.29290 80.59122
48.52005 87.20036
50.59368 84.96649
52.35764 82.52024
44.02952 88.77854
51.14938 87.95300
49.55666 90.51283
49.20020 85.49878
49.14987 91.76513
58.33553 83.79781
55.05900 85.75106
51.28657 86.91374
46.01530 84.00855
48.14236 81.26469
56.92876 85.37689
48.04665 84.79743
48.09748 94.85931
47.09337 86.41535
49.25018 87.15313
49.33330 85.46032
55.75985 87.03800
50.10239 91.13028
49.85600 80.11681
48.86193 88.85314
46.77218 87.58850
48.66395 79.31136
46.06242 82.60170
46.83845 91.63843
48.03251 84.42453
49.91175 89.05893
50.33163 82.83485
50.48308 83.43636
60.53121 84.02014
48.12409 82.30713
46.71307 87.60883
49.00561 85.61119
46.01396 84.65605
54.43253 91.40197
48.19483 90.45214
48.07713 87.56287
53.29533 84.57602
57.58139 82.76336
-2.62231 107.20821
-6.06209 103.92379
-3.83372 92.17470
-9.85592 102.90764
4.38050 94.68490
-3.11966 94.19882
-6.44503 86.51328
2.14919 104.18964
4.90507 99.46220
5.83639 88.51922
4.15792 93.93609
-2.60744 97.46429
-1.83146 108.77445
-2.41839 98.30355
17.61114 100.17262
1.78177 103.28450
2.16223 98.61741
1.57893 96.85900
0.51491 100.49371
3.60115 94.48124
1.92411 109.61914
-2.47795 97.47937
-6.24799 98.58946
-3.63093 102.04910
-2.06449 104.68169
-3.18922 99.91998
3.58394 99.82142
1.79790 105.42321
0.30063 98.59636
2.76240 96.39393
2.22664 99.46557
5.20037 107.01546
-1.64597 93.85415
-7.79795 97.41727
-3.31446 103.28794
1.97289 102.18119
0.90243 100.77445
-0.12728 106.45340
-0.77851 104.65023
1.03507 103.43397
2.04659 92.62075
-3.00416 101.57935
3.16954 99.90576
0.99756 98.31788
-1.65823 96.10272
-2.69204 95.75761
0.25028 93.21765
3.97785 97.46007
3.72962 102.08528
-1.46267 99.97544
-4.40193 102.02007
-10.70748 104.07708
-1.14550 93.90958
0.45686 99.51609
2.12880 95.52819
-3.44322 99.47362
-0.03414 93.34088
3.98447 99.40928
-1.79984 101.23487
1.12133 99.08255
-7.12385 106.74553
-0.36163 102.67671
-2.51758 99.95146
1.58883 100.05764
8.24405 107.60246
3.59639 94.78626
-4.38549 100.70112
-2.98323 97.28176
2.64442 92.24196
0.29991 94.45191
-2.98873 104.26965
-0.66618 102.41813
7.59071 103.09190
-5.61758 98.04117
6.47072 102.39553
-2.81620 92.34970
-8.11789 104.59915
-2.26405 105.07602
0.01207 101.14451
-1.82009 102.48225
-0.04811 98.77891
-7.77231 96.04556
0.10315 104.89797
-0.26736 101.16798
2.39255 103.80946
-2.04594 98.11217
-6.04170 99.92617
5.04328 98.27564
3.33199 108.32843
1.43023 98.99522
-1.57678 113.80382
3.70270 98.88867
-0.01128 99.46898
5.33151 101.42553
-1.00177 100.32514
2.41994 95.64303
3.38854 94.78063
-1.29350 99.03575
4.09372 98.27248
0.16895 98.61565
5.52480 99.03182
-7.80507 91.96879
-8.57026 100.89481
6.05253 98.34977
3.20287 97.82876
3.61808 99.61278
11.35178 104.87707
1.24356 100.42596
-1.34682 96.28051
-0.47578 100.16250
-6.09637 99.40131
2.45704 93.16259
7.34741 101.71223
4.05350 102.89690
7.50421 99.87220
2.11709 99.33745
1.26853 97.74900
-0.03603 97.12848
-5.07331 101.55124
8.48766 102.68713
3.93685 90.73739
-3.59581 100.49768
6.36328 96.85814
8.30192 101.79908
-3.19261 100.96296
0.38825 104.55288
0.11812 104.91643
7.53594 104.08448
7.63266 103.46961
1.14532 101.28389
2.71486 95.71364
3.13826 98.38440
5.03176 103.57452
-0.34062 104.23849
-7.16564 107.14034
4.82938 98.98299
4.70184 101.66566
0.45264 97.32114
1.26424 104.55310
-3.33440 97.37284
-1.57824 98.60129
-4.97622 99.75681
8.12968 106.32047
-0.07669 102.70762
3.73717 95.60065
0.30250 103.29319
1.97175 94.79354
-5.41370 99.83107
-3.92621 102.32689
1.92764 101.07668
-5.29836 102.43860
-3.83484 101.46947
3.81221 91.67644
-3.14202 101.90969
2.11322 106.36797
-5.75886 98.54310
-2.58845 99.12581
-0.52480 105.09379
-1.92419 93.46194
5.28038 101.06316
-6.27461 91.90159
-1.77662 100.94379
3.40221 86.77796
5.76130 100.99979
2.23520 102.54877
-1.41199 99.32858
9.68778 104.69269
7.65553 91.93977
2.80173 96.28820
3.36817 96.36455
0.02250 98.80212
7.14672 106.91107
3.58009 94.64981
-5.93819 103.28643
-2.07509 101.92444
4.19191 96.41525
1.42278 100.51974
-3.10007 92.96451
-7.72282 99.13387
-7.82485 99.84988
-2.55742 104.48653
-4.68634 102.12083
5.05687 94.54934
0.53620 98.02007
4.35998 110.06019
1.70725 95.31385
-4.62379 100.51940
-0.15031 101.52693
-1.68997 96.41131
0.01906 97.08929
1.92544 101.40899
-0.28934 103.86378
6.02122 98.04655
0.95926 101.62261
1.50655 102.59450
1.45468 104.57735
8.64380 101.19073
-0.71640 100.36413
-1.80583 97.63532
-3.03101 98.90245
-22.17865 102.38628
-27.92659 99.93187
-25.65898 97.85020
-28.93778 92.42240
-24.08050 97.28787
-30.20273 99.30719
-29.17276 93.10663
-28.95208 103.60638
-20.68454 97.97515
-22.09727 102.20705
-29.70784 92.34621
-27.51986 98.64091
-24.98699 97.79140
-25.66120 102.52895
-29.12148 86.50238
-26.10548 100.79240
-27.79150 99.06864
-23.26349 94.07373
-19.60516 102.97630
-22.06988 88.77741
-18.80434 103.85337
-23.54853 99.84935
-29.85515 90.95778
-24.92047 98.02849
-26.66604 92.76006
-28.22272 98.03954
-18.59234 97.16169
-23.17416 101.88945
-25.71142 102.46749
-29.19570 97.32849
-26.27821 92.82807
-20.24963 99.78325
-24.31052 98.72580
-30.07327 102.11321
-25.03529 95.51910
-22.90546 97.01583
-26.48517 88.75849
-25.60165 99.91490
-23.60484 100.17885
-23.32334 95.75972
-19.79234 92.39385
-27.29773 104.11697
-25.34432 102.44501
-22.30798 102.43259
-29.06587 91.56883
-29.56813 100.19956
-20.77469 99.22426
-15.44145 97.92908
-24.55948 97.12286
-22.92405 98.24658
-27.65039 95.44887
-18.33087 93.43266
-18.89528 96.39586
-26.76170 100.14360
-26.58854 92.08526
-23.38627 99.80271
-24.22129 95.18507
-24.55632 98.10804
-20.62720 88.09251
-27.26170 99.33191
-28.86943 98.63219
-25.27008 97.92137
-21.30475 99.56128
-25.54516 103.17236
-29.18248 97.94430
-16.20938 95.79607
-26.54328 99.96248
-26.07026 89.87154
-26.30938 105.79696
-21.70939 102.43786
-18.70452 88.64845
-22.94026 95.96231
-29.58801 95.04954
-20.27324 106.12987
-23.38015 98.48951
-24.19024 97.99855
-25.75575 95.28796
-22.81700 97.47263
-24.25823 98.69390
-23.82453 95.02184
-26.41365 95.01058
-25.43575 97.07572
-26.90751 98.81981
-30.71096 94.83765
-26.02515 99.70856
-28.16432 98.18540
-35.04101 96.42492
-28.90382 97.02385
-19.09764 94.80104
-22.02203 99.90398
-24.15949 91.60691
-20.85881 98.77815
-22.09352 96.70525
-28.16241 101.39401
-25.92045 92.79920
-26.41346 101.13682
-28.09194 96.22800
-21.69717 97.21205
-19.41882 97.04409
-29.16729 97.40868
-24.99043 94.44913
-31.53772 96.61455
-26.05303 97.78017
-13.60896 91.58925
-20.69027 90.95002
-22.15371 101.47794
-31.00889 95.90361
-21.80969 102.00210
-28.96642 98.47423
-26.92683 96.37907
-21.98145 100.93311
-26.72913 95.37311
-21.54812 94.44744
-33.94701 97.79075
-16.94289 99.33985
-25.36579 95.80276
-23.72167 100.36229
-22.14270 97.18798
-24.19102 89.26674
-26.92820 86.56559
-17.25370 94.26693
-28.92741 97.11935
-21.08281 104.70426
-13.84406 97.03673
-31.30720 89.99702
-23.39671 100.65887
-21.33540 94.44231
-27.55426 94.81826
-24.78233 97.82833
-27.47973 96.59163
-24.73078 101.92728
-24.27745 94.91294
-22.28960 95.37874
-20.12358 97.26470
-26.65978 92.77602
-29.53057 97.07766
-27.67655 99.66803
-30.49002 94.06045
-23.81686 98.91576
-25.90580 101.60565
-27.08197 95.84700
-20.80192 100.38892
-15.42679 100.04048
-23.42214 93.59154
-31.46449 87.52484
-24.92597 96.27498
-33.63453 98.15513
-26.90499 93.36953
-23.36136 95.31823
-21.05282 96.59128
-16.86783 101.66695
-23.14906 96.57421
-32.49689 88.56329
-24.24751 102.38102
-19.60527 93.41403
-19.30867 98.62802
-17.97805 92.90961
-29.08430 97.34997
-25.46348 93.33672
-24.09330 100.32375
-25.05401 97.44567
-27.93303 91.40884
-21.40685 99.30391
-20.56964 105.26538
-29.06922 98.27456
-26.66217 100.29334
-28.72974 99.58882
-23.36717 99.38733
-25.62135 95.35810
-14.82052 93.98675
-27.05319 87.92167
-21.70549 89.10349
-25.21992 104.60189
-26.90663 95.68251
-24.42290 99.68185
-15.25236 93.96020
-23.85536 95.62275
-24.62115 98.51727
-26.39839 98.35680
-22.77414 100.00306
-27.80644 90.89108
-25.41480 96.84671
-21.61992 96.29505
-28.01038 103.50905
-29.22172 92.74157
-28.36456 92.54036
-24.64749 96.15773
-18.28138 99.36454
-27.41235 98.01853
-26.69514 98.17791
-28.96966 103.02454
-24.14533 94.14794
-21.40866 107.63132
-25.38634 99.87539
-21.11145 94.62901
-27.40194 104.95190
-27.61301 100.99515
-20.80745 106.63780
-24.57107 98.50802
-30.80959 100.12152
-70.82937 70.91662
-63.03496 66.39188
-70.23546 70.22896
-68.91492 75.88445
-74.23783 75.73739
-74.75702 70.52339
-67.35630 67.48173
-68.23487 73.57777
-69.54576 70.86857
-68.26162 72.01541
-70.69721 67.11684
-65.79253 66.66525
-71.89018 67.75096
-71.18068 74.07764
-68.82642 75.89586
-70.92300 72.78319
-76.65676 72.05808
-69.54668 73.61778
-72.18642 70.73728
-67.52210 70.50617
-65.34736 71.48620
-67.38564 74.77384
-70.51427 80.46356
-65.84273 71.64064
-72.30980 76.49439
-72.89923 73.45893
-66.76730 70.83919
-69.69739 75.42708
-69.06882 78.15338
-77.79631 74.65319
-73.62101 76.58205
-79.81636 69.00726
-72.40629 74.49043
-77.19945 66.93036
-66.18832 71.14431
-78.32493 68.55278
-73.21948 83.42640
-73.31838 69.36953
-68.12323 65.30285
-64.65229 73.73279
-73.25251 73.17008
-70.13587 72.89407
-67.97102 71.75399
-69.89721 60.98645
-65.83019 75.33276
-73.72483 75.52093
-68.35662 62.22480
-65.66784 67.25717
-77.07253 77.15204
-71.03749 70.28183
-75.60878 71.56633
-72.23687 72.01940
-72.46866 69.80212
-70.58624 71.21404
-76.90699 71.55135
-69.33593 67.62939
-74.41551 74.32155
-67.32047 70.05415
-67.24340 65.67482
-71.91630 72.93887
-67.16948 68.96032
-68.65397 77.21370
-71.29033 71.29470
-70.05326 71.95001
-71.57158 72.95049
-71.09056 66.69103
-71.10917 65.50872
-72.02709 66.87389
-71.15421 70.41627
-72.94184 76.25140
-79.61283 67.38825
-72.89011 61.35518
-66.52794 68.61973
-76.18782 74.89930
-79.06213 71.86433
-68.18588 72.88817
-76.00073 69.61572
-74.02060 73.81472
-73.88042 66.07744
-70.02559 74.84456
-68.44933 71.27487
-71.71942 74.85470
-72.56117 69.66741
-67.69528 71.03870
-63.81909 67.35515
-74.14442 68.05057
-73.78150 74.89400
-72.78437 69.87391
-63.53406 69.80582
-76.28555 69.11577
-71.41394 67.43698
-70.17237 70.19296
-76.15836 67.00232
-75.10618 76.89628
-71.19314 74.72295
-70.24761 66.46750
-60.91735 65.44266
-76.25523 69.64823
-73.73142 67.96727
-72.10339 70.28811
-72.27821 71.07074
-72.21953 64.27458
-73.04566 65.69388
-72.83842 69.12126
-61.65781 73.83583
-74.66536 66.53235
-78.50753 62.50886
-80.01671 72.58350
-71.85176 70.18231
-69.35196 72.90317
-68.42962 69.83375
-75.72666 73.91145
-71.04112 75.69909
-68.60490 70.21165
-74.61738 67.98095
-73.50926 67.62954
-73.49302 71.10274
-71.55459 67.91009
-70.30109 59.30488
-67.52457 69.15572
-70.27000 72.01762
-71.24423 74.76351
-68.71912 75.83212
-68.37530 78.10798
-75.13973 72.92568
-73.57081 73.65915
-73.64225 66.16552
-75.00199 73.59462
-66.57544 71.02544
-64.42261 71.24321
-72.20535 74.44257
-66.50680 73.05059
-72.78455 67.39438
-78.43529 75.02985
-83.34177 70.52666
-74.10080 69.40413
-73.41261 67.91127
-72.67856 75.83595
-77.04664 73.62655
-69.86173 70.57164
-73.31737 72.65509
-73.76303 70.15495
-70.91141 71.05867
-70.72609 70.52717
-70.47505 61.71880
-62.39101 68.01696
-64.23343 80.33504
-62.25325 75.57437
-70.81754 79.29323
-71.67844 74.62775
-75.07770 69.18496
-63.35743 68.54791
-72.72698 71.75421
-65.79440 70.99337
-68.66155 74.67758
-70.65414 70.37845
-72.84019 73.21477
-73.79431 74.55555
-69.07590 62.78886
-72.67925 72.36796
-68.26400 65.75872
-74.86898 73.16329
-74.38087 72.45134
-73.32876 68.46594
-70.43556 64.64516
-66.18183 71.60609
-70.36665 67.79398
-74.38714 68.72819
-73.90866 67.56605
-65.18856 68.78576
-77.53026 77.34217
-72.28373 69.77697
-75.93725 72.19235
-75.36897 68.52277
-72.58313 72.94029
-76.82306 77.87232
-64.23205 71.77315
-76.68266 67.24855
-69.33694 71.69704
-73.35624 69.83422
-71.47292 74.18659
-70.58733 72.88419
-68.04383 79.82588
-72.52561 70.18603
-70.72047 67.56137
-75.57846 72.34577
-74.10996 69.01340
-69.21375 68.95530
-76.16717 76.32663
-80.72261 71.68263
-65.98169 70.52738
-73.39362 69.25856
-68.24787 76.48868
-68.61967 71.59811
-69.19336 71.78568
-74.60016 68.73616
-74.92853 70.77606
-63.44138 68.83661
-70.81685 71.21801
-72.38902 67.21748
-85.92610 57.58135
-79.01225 50.86553
-84.29388 55.25856
-84.20522 55.13487
-78.67270 50.08366
-88.03166 48.78240
-94.29012 45.27162
-91.59426 45.97150
-85.21664 48.80689
-85.10722 47.99520
-90.49135 48.48161
-81.36391 46.57714
-84.78985 50.80285
-89.75004 45.98886
-80.39339 50.63664
-95.64090 46.50848
-86.05141 54.46703
-86.04173 53.90537
-89.85653 61.32879
-85.79941 48.31144
-86.46820 56.60186
-86.94820 58.07349
-88.34233 50.56746
-93.60863 58.32381
-86.60710 45.50038
-91.43421 56.18645
-83.18641 44.26788
-90.07939 51.52587
-86.26293 45.03328
-90.09662 43.75264
-85.55397 55.36246
-87.62550 46.66788
-85.08012 49.52210
-85.73301 53.56296
-91.61853 52.45987
-89.74667 53.20623
-83.10882 56.72410
-78.71132 51.59210
-81.16736 52.60860
-88.97718 47.56472
-87.98792 52.76120
-79.08754 51.41565
-89.43000 53.43573
-88.42521 48.88758
-88.58831 47.66560
-85.51876 49.96458
-89.53109 49.56162
-84.73478 57.01921
-84.16536 48.76284
-84.12899 59.12179
-90.60688 49.79349
-84.82269 46.78449
-86.11550 55.51594
-90.44200 48.80277
-87.99821 51.12184
-84.42872 50.67228
-90.56393 50.83900
-82.37941 51.93871
-81.77026 46.90469
-85.69948 50.01374
-81.01540 50.62332
-82.92811 53.05392
-89.00419 50.21597
-78.67785 49.20734
-87.61232 46.98338
-91.73946 54.12790
-88.30405 52.88830
-90.01242 56.09056
-85.28485 39.46396
-77.88810 47.08324
-86.09559 56.03517
-82.63481 49.05196
-91.24886 49.03056
-90.74264 48.29251
-86.18671 51.94847
-85.04191 49.79906
-86.07121 55.36218
-95.40695 47.33632
-85.69716 49.39909
-84.35895 48.05897
-86.79513 48.71786
-83.21162 54.26596
-87.66784 48.35019
-78.14758 56.67355
-83.68029 54.34036
-79.18156 55.75450
-90.84371 49.42670
-88.65984 53.93836
-80.46175 50.64328
-85.38350 54.95594
-84.97653 50.50743
-91.37572 51.65039
-85.56663 46.00477
-86.69985 54.74725
-87.19039 58.65372
-87.09473 51.78027
-77.99398 41.20859
-84.61939 44.85202
-89.42014 55.10878
-88.24045 51.55533
-90.14672 54.48279
-91.18134 52.40243
-84.01427 52.33526
-85.23709 47.76637
-84.44133 47.28813
-84.65639 49.96264
-84.46863 50.16138
-85.72760 57.00579
-88.13230 56.74940
-90.11723 49.14426
-82.43428 47.71658
-83.11681 47.86336
-85.88827 56.27389
-85.60954 52.28778
-76.92668 41.95696
-86.22299 48.24220
-86.26481 51.36105
-85.61349 49.17160
-83.24296 53.86733
-87.11518 60.61121
-83.51185 52.53790
-89.19050 45.53712
-84.80064 54.23030
-86.31641 56.10516
-93.48918 48.93723
-82.44427 48.02089
-90.49623 54.14355
-89.53376 49.86463
-86.65431 44.81928
-90.81679 46.17083
-75.23297 53.87092
-87.43095 50.53751
-84.35196 47.45309
-88.31608 43.79318
-77.24435 56.74343
-84.41225 56.31161
-83.35640 49.99117
-83.37255 52.89048
-86.47959 45.93370
-79.38706 47.28607
-87.89381 52.61999
-87.63212 55.56917
-85.26805 53.59832
-90.32137 49.51445
-79.33254 50.50663
-85.85123 57.08656
-77.10806 51.19176
-88.76195 44.00411
-82.77096 56.73696
-86.95620 52.46730
-88.58740 59.24798
-89.51456 45.87073
-82.80714 56.03541
-83.95727 54.17102
-85.90479 52.13706
-85.06699 54.84986
-92.70241 58.24627
-87.41956 59.12109
-90.40784 42.70719
-87.77327 48.50398
-83.33095 48.05750
-91.26529 49.19618
-88.82325 46.16942
-85.75154 51.42513
-82.10219 47.99105
-84.91898 45.11758
-86.89983 52.02915
-88.94992 56.04166
-88.93401 51.24201
-86.37859 46.45848
-97.58054 53.21880
-80.89503 55.96315
-87.84766 45.93256
-81.13452 48.91817
-89.38758 52.74258
-81.51019 57.79159
-84.93214 50.73210
-87.65990 50.75525
-89.79943 44.02067
-82.78795 53.35441
-90.14710 46.21254
-76.21161 51.78288
-74.08306 42.18787
-93.31178 48.78059
-86.84309 53.62787
-85.43763 53.86037
-86.36999 56.28255
-94.73690 51.05277
-90.37932 49.54851
-84.14611 46.87710
-82.43221 55.25272
-84.59257 55.17115
-89.34476 53.22465
-93.96833 48.40485
-85.06015 47.71211
-75.27407 45.74658
-88.53512 53.49650
-81.24232 54.33635
-86.84223 50.63224
-85.86156 50.48973
-100.38428 1.21218
-105.33213 1.32695
-100.44574 -8.05189
-105.70891 3.70662
-102.44508 0.95614
-94.12554 1.72697
-99.34901 -5.14585
-91.72517 -3.04303
-99.51384 -6.84033
-103.44037 -1.02673
-97.51963 -2.76622
-90.57374 0.89275
-105.13437 -5.88289
-97.27099 -9.06429
-95.79084 0.63582
-103.51582 5.14550
-102.88354 3.37974
-95.80256 0.60294
-104.77028 -0.16907
-96.14124 0.19485
-93.61805 0.72379
-98.07376 -2.30687
-91.68221 10.92049
-91.32656 3.70794
-104.36995 -1.90735
-93.15214 0.38085
-103.58173 -2.70107
-103.49260 8.00580
-103.71566 -3.47468
-103.89138 -0.85003
-103.32828 0.88571
-103.42593 -1.59018
-95.59471 -0.60619
-97.93286 -2.75714
-98.59197 -1.05071
-105.17806 3.77984
-102.52470 1.19995
-109.05453 6.86098
-98.35830 10.04884
-95.68557 7.91304
-92.65370 2.31246
-96.45689 0.46782
-95.51074 2.06689
-105.86334 0.71004
-98.55310 -6.12670
-104.51792 -8.15542
-95.57446 -0.82450
-100.11475 0.47526
-99.13047 -0.25322
-100.69787 3.04706
-94.29537 -0.05230
-104.10638 -2.37613
-98.38141 -2.78555
-92.19740 0.57687
-95.06929 -1.03235
-100.85550 4.26590
-92.98714 -2.09157
-90.05200 7.22680
-96.97677 -4.59930
-92.00427 -6.85504
-107.39445 -0.50954
-92.36137 -2.60465
-93.27237 -0.38717
-108.23027 1.26905
-107.47590 -1.26432
-96.11634 -4.70328
-100.13916 3.98932
-106.39448 4.60880
-105.32745 -0.88625
-102.17662 -5.46882
-107.05127 -8.49003
-109.44137 -1.51121
-100.83632 -2.63146
-98.12954 -1.74558
-97.34321 7.10339
-94.14613 9.18662
-106.54337 1.43726
-99.69305 1.28416
-97.83455 1.09451
-99.36587 -1.31418
-102.27569 -1.55594
-95.57419 4.02903
-96.53793 0.83897
-101.12686 -6.24961
-100.28957 2.38481
-99.15374 -1.17605
-102.07814 -0.33229
-97.70115 -1.80464
-93.45355 -4.05362
-103.14416 1.66787
-100.53812 2.51213
-100.57704 -8.13705
-91.99026 0.65930
-99.54334 -1.75717
-102.88355 2.05195
-95.72574 1.16343
-105.95267 0.02624
-96.75388 3.63805
-101.59320 -0.83055
-99.03068 -3.01641
-99.26253 -0.73558
-95.75673 3.76144
-100.55097 -4.37349
-102.07248 -4.24329
-99.60507 -4.39556
-104.44167 -1.11322
-105.67707 -1.66636
-94.13308 8.48351
-107.07963 2.13393
-104.49713 -3.59877
-100.83535 3.13034
-100.70570 8.12111
-97.35402 -2.25547
-99.98377 -2.77541
-106.90097 4.06452
-94.43836 -0.78437
-99.34831 4.63395
-100.78099 -5.63059
-102.78520 -1.26801
-92.72990 -5.43158
-100.32819 -8.79136
-96.20310 1.07451
-93.49008 -0.43952
-96.29047 3.96524
-101.37105 -6.41336
-97.06849 7.79254
-102.35407 -1.22761
-103.43556 1.20547
-92.86139 0.56461
-99.95434 4.75800
-104.14470 1.39886
-97.09309 0.82722
-96.46860 -2.62326
-94.18977 1.16768
-99.62527 4.66479
-103.05198 4.00570
-105.22960 -3.80708
-99.13665 1.90768
-98.26645 0.02525
-97.78969 1.00964
-101.34834 3.91891
-105.82364 1.70861
-101.71388 0.25235
-103.66368 1.18805
-100.14894 -4.67629
-98.15409 7.75283
-101.92419 -4.70894
-98.30543 -4.28750
-97.22419 2.20770
-103.29083 0.52282
-100.48024 2.18789
-104.12491 -3.19433
-105.61806 3.88059
-104.78806 -1.31422
-106.38974 0.41052
-97.95383 -0.24496
-103.80583 3.74496
-98.98689 2.70849
-99.47572 7.65805
-105.36651 -4.12082
-100.58962 -1.80113
-102.23680 0.26326
-94.20250 0.49445
-95.15788 4.20439
-106.68187 -2.70778
-103.17467 -2.74948
-101.65086 6.32235
-98.57018 1.85055
-101.29884 -2.28685
-93.25643 -0.59964
-102.43986 2.78497
-95.73695 6.24645
-98.24692 -2.07697
-107.49281 -5.83102
-100.02055 0.74362
-95.02479 -1.76625
-105.13564 0.74340
-99.31841 4.67130
-99.79846 -8.00513
-104.12225 -1.62392
-106.47551 7.99322
-103.82814 -0.73160
-91.42564 1.49744
-104.90973 -4.00616
-100.57736 -2.58523
-103.13539 2.79564
-101.30352 3.65603
-98.83665 -1.62258
-101.71297 -3.90391
-96.04720 5.51879
-102.67841 -6.13296
-95.51840 -1.60812
-101.32740 2.92412
-100.70963 -4.64772
-100.97352 -5.42070
-106.90878 -2.41263
-106.16740 4.09898
-102.01125 4.35303
-102.37404 -8.20669
-100.05476 -2.92231
-97.16650 -27.21202
-91.76490 -28.67348
-97.39648 -29.85737
-93.26889 -23.38813
-97.97902 -30.21312
-99.17199 -23.83834
-94.71239 -23.94296
-100.36881 -26.92549
-101.34822 -21.54155
-97.62482 -29.86109
-100.55493 -15.40724
-102.52174 -25.64463
-99.44306 -39.80685
-87.29671 -26.08079
-89.10890 -25.82835
-97.76861 -21.78776
-104.29849 -32.87885
-99.91023 -25.14609
-106.42374 -27.03369
-95.73746 -30.24467
-98.49847 -22.80041
-98.92571 -23.23141
-97.66492 -29.79904
-91.26111 -16.51421
-95.11791 -20.63846
-95.59771 -23.83451
-94.60293 -33.18863
-95.62763 -21.90602
-97.18518 -27.46466
-93.99962 -17.70358
-99.34861 -27.35263
-101.41588 -23.23061
-98.71245 -20.70414
-90.06331 -24.52974
-94.80324 -29.15741
-100.82043 -24.83962
-93.24430 -17.20015
-93.11820 -25.24883
-89.27647 -31.32711
-100.74268 -24.14475
-100.55295 -19.08826
-105.83745 -27.48567
-92.77295 -29.13676
-106.60495 -22.45419
-93.57438 -23.01188
-94.26219 -23.56528
-100.06119 -14.50013
-92.67338 -26.60967
-99.16449 -25.87973
-102.96195 -23.50255
-96.81445 -18.39183
-94.94438 -27.87586
-102.75932 -28.59314
-96.77423 -12.88409
-98.47723 -26.10958
-96.11093 -19.83102
-111.09307 -19.21590
-100.39738 -28.30701
-98.28902 -21.62846
-96.20500 -19.29876
-96.06519 -31.46572
-99.25060 -24.78820
-98.43162 -19.20152
-104.32843 -22.02207
-95.53747 -21.05507
-95.17987 -26.94888
-97.76070 -25.46716
-92.06480 -19.71912
-100.29051 -18.72534
-100.93288 -20.91025
-97.26856 -26.94914
-103.68160 -28.40685
-94.82718 -31.93350
-96.77987 -26.79533
-103.06088 -25.23512
-91.34759 -18.37415
-96.48247 -27.84323
-98.85943 -26.24791
-101.90023 -22.02228
-98.55669 -25.86644
-96.81539 -25.07021
-88.34812 -22.02661
-102.42213 -27.09002
-97.23736 -19.79221
-94.69742 -31.93436
-94.93337 -23.81432
-97.74013 -27.95496
-97.17506 -21.02284
-94.87061 -17.84876
-94.97815 -23.95014
-97.67919 -23.92691
-98.02019 -17.04375
-95.84654 -22.37770
-94.19314 -25.86418
-93.04893 -25.12610
-87.59374 -23.89335
-94.59921 -21.82454
-92.44957 -28.53283
-95.51466 -26.37785
-104.10780 -33.45972
-100.68667 -23.74806
-106.82651 -27.53291
-99.85011 -21.77768
-95.81500 -20.47321
-94.15544 -28.49791
-94.47687 -29.74863
-94.86250 -29.95566
-100.88205 -27.73139
-91.90738 -21.16027
-93.09465 -17.21443
-96.34041 -31.84052
-102.78446 -21.51099
-99.97817 -25.93041
-96.66523 -26.98907
-96.01583 -22.32652
-100.20492 -28.44509
-94.30289 -25.70383
-98.92814 -31.71184
-102.32976 -31.74672
-100.20346 -22.13213
-91.75006 -25.09955
-93.61458 -27.63961
-93.52799 -27.57238
-91.61364 -31.77786
-101.40027 -27.01582
-93.10846 -28.43286
-92.31333 -21.68251
-92.47446 -25.20902
-103.78654 -22.54504
-101.09558 -31.18221
-104.96902 -29.41799
-96.14283 -21.77335
-96.80823 -26.43649
-90.32605 -29.00427
-97.10406 -19.78165
-104.84785 -20.88723
-99.43670 -26.96569
-99.52032 -26.47721
-96.76623 -23.07783
-99.17591 -20.45374
-95.49885 -24.80341
-100.31748 -25.57094
-94.75744 -27.69110
-101.27843 -21.45805
-96.67867 -24.61293
-94.91303 -19.93810
-94.16832 -27.90155
-96.14308 -22.20936
-97.79189 -20.84078
-97.43268 -21.02663
-91.33505 -25.56569
-98.63949 -29.47135
-95.86155 -24.99618
-98.13240 -16.52571
-97.71668 -20.40025
-101.29929 -20.85028
-94.04047 -28.64255
-104.31777 -18.53926
-86.67250 -22.13911
-99.19193 -28.48442
-95.65622 -26.07123
-100.89458 -27.39524
-101.20469 -31.63770
-97.92002 -23.19821
-96.28545 -23.32981
-97.60696 -24.40848
-105.89158 -21.40048
-94.03014 -28.40628
-90.09916 -20.15156
-95.42280 -27.39830
-103.13572 -25.28145
-100.62824 -18.14600
-95.81687 -18.96972
-91.61721 -14.67896
-97.60806 -25.56857
-88.30600 -31.82425
-96.28238 -22.86660
-89.88047 -25.24310
-94.90482 -24.64017
-98.79642 -17.64311
-104.54585 -26.96648
-98.47966 -25.64030
-98.99686 -27.45524
-100.20425 -25.56162
-91.73010 -18.93813
-96.18026 -24.37603
-94.15149 -21.55994
-93.76987 -24.77958
-99.36950 -30.96702
-88.78058 -26.12397
-99.12522 -21.78321
-99.51405 -23.64292
-104.38669 -22.01916
-99.62730 -32.64940
-99.69804 -20.65388
-95.63300 -25.23293
-105.96421 -23.84467
-94.63595 -18.56121
-96.38088 -22.10873
-91.54394 -31.35765
-78.22366 -72.73102
-74.22870 -71.67116
-74.88191 -69.72620
-59.34832 -70.74128
-71.08062 -70.87895
-70.71071 -70.39934
-71.85316 -71.19788
-72.48550 -72.56552
-70.44602 -71.26832
-69.82268 -69.60179
-68.83103 -76.52517
-74.44580 -69.34845
-75.96071 -76.84266
-68.14000 -68.60347
-66.39062 -68.79663
-76.43236 -75.22714
-65.19786 -70.92322
-75.19748 -68.47307
-73.92963 -70.69636
-70.96500 -72.11682
-74.95957 -74.39387
-69.71138 -72.98456
-66.38710 -72.58787
-75.08700 -73.87585
-67.49504 -73.08636
-69.85482 -76.00823
-64.39175 -70.93803
-68.53725 -74.18963
-67.66060 -64.55126
-69.83881 -71.48937
-74.09303 -72.08949
-69.47520 -75.32828
-67.07505 -71.30685
-67.25113 -66.78610
-69.29082 -72.61604
-76.03271 -73.01643
-73.16613 -68.95136
-71.16807 -69.31748
-72.93314 -75.63697
-66.58806 -77.63657
-72.03780 -65.54100
-70.20506 -71.52234
-67.87477 -71.28949
-68.58208 -61.09277
-75.31726 -67.16133
-72.91109 -72.41777
-69.28538 -71.93715
-70.56076 -73.23513
-72.96314 -81.44717
-69.34125 -68.39144
-76.38336 -65.16662
-65.86717 -67.11278
-72.47884 -72.18315
-68.73646 -69.22100
-78.17872 -61.35918
-74.30001 -62.07226
-68.29681 -75.13582
-74.35572 -71.27481
-68.40705 -77.26767
-72.76834 -71.41328
-70.54405 -74.49445
-74.86672 -68.78109
-71.11375 -76.57773
-65.13856 -68.67167
-66.26158 -70.64431
-70.60239 -69.54296
-72.13135 -74.41260
-75.32662 -74.79116
-71.01737 -68.56538
-70.15740 -61.85823
-64.08523 -68.81026
-70.18488 -67.97548
-70.03989 -69.59641
-78.88094 -72.91991
-75.11163 -66.29600
-74.43203 -68.07331
-64.95462 -78.05978
-66.82609 -67.28760
-64.28337 -67.46176
-78.35017 -69.99297
-66.23941 -70.30004
-70.65470 -72.42957
-77.90675 -75.32368
-65.27735 -68.94440
-64.74012 -68.09636
-69.82818 -71.88599
-67.06402 -74.08739
-71.79185 -68.35218
-63.66228 -65.64291
-75.23871 -70.24179
-66.07029 -70.57209
-71.17511 -67.22417
-74.13758 -77.56814
-65.50059 -72.29108
-69.22902 -66.69174
-73.11465 -67.65985
-71.87252 -74.89570
-67.98558 -68.56830
-64.36327 -66.36036
-69.80092 -62.32374
-75.85032 -68.65148
-70.09646 -69.51978
-67.20423 -67.63517
-72.61730 -67.70564
-75.05891 -65.75982
-71.35760 -74.49061
-71.93371 -70.99371
-69.99970 -73.56559
-68.30883 -71.15859
-72.27729 -72.99711
-66.41949 -67.69855
-69.28777 -73.67546
-61.34856 -67.71607
-77.80640 -71.24251
-71.88002 -67.76159
-71.25933 -72.45359
-77.26431 -68.67504
-72.36043 -66.75103
-72.60061 -64.97142
-71.94855 -69.14112
-65.61121 -73.14102
-69.64791 -69.33526
-73.44896 -58.25190
-68.68390 -66.65391
-70.03018 -71.80230
-68.75397 -76.06379
-69.53304 -69.64017
-83.83288 -73.40162
-65.72565 -69.75758
-64.49943 -80.99317
-69.58799 -71.07019
-73.38914 -68.98170
-64.50303 -71.54913
-61.46228 -63.16797
-78.15482 -64.75370
-74.71980 -75.60134
-67.47845 -75.78085
-72.66075 -70.26861
-71.49902 -73.17713
-64.97890 -67.59540
-77.65697 -67.91883
-77.42530 -79.68251
-75.24444 -63.99952
-63.24409 -66.74962
-68.90202 -67.81320
-68.36358 -71.20908
-68.49812 -67.37528
-69.29123 -66.13922
-67.88790 -67.71869
-67.03466 -71.47528
-73.78904 -64.89511
-75.61403 -68.84346
-66.89677 -77.53914
-68.33779 -71.00061
-73.45029 -73.34589
-67.18934 -69.01369
-71.39517 -75.66606
-70.81602 -72.69781
-66.52968 -69.34363
-62.29592 -75.12851
-67.45577 -72.85486
-71.60610 -73.04664
-66.80296 -69.35490
-77.75051 -66.71680
-72.11637 -65.29979
-70.53826 -69.74637
-65.18328 -72.04845
-66.63449 -72.44981
-66.15753 -68.36865
-74.83477 -68.72001
-70.73352 -68.64711
-70.36362 -72.70113
-74.05974 -68.67130
-65.61376 -69.42114
-70.70405 -73.55431
-72.70085 -69.62664
-69.24879 -69.26459
-71.08753 -71.07908
-67.72834 -69.08973
-74.84042 -73.92048
-67.82753 -73.36734
-68.74796 -72.12601
-71.50455 -81.91389
-66.50153 -72.75874
-67.58957 -73.84883
-73.71595 -65.19837
-69.10576 -72.29927
-64.90843 -74.99822
-65.20733 -75.63805
-80.15031 -70.37907
-70.31249 -67.50286
-70.81858 -75.41822
-69.08998 -79.71340
-66.68056 -68.86448
-64.77922 -71.16519
-73.92536 -71.64750
-64.51300 -67.09502
-68.89951 -74.79140
-72.56979 -70.94842
-72.57488 -74.10488
-52.35723 -86.72907
-48.90250 -85.89563
-50.17764 -89.35523
-40.74012 -84.17380
-57.42541 -81.37431
-60.09615 -76.61904
-52.69797 -84.47098
-51.92700 -78.92724
-47.05180 -91.72714
-48.48607 -86.99319
-56.71215 -82.95280
-51.59977 -83.74219
-52.80588 -88.30187
-54.76291 -81.89978
-47.21471 -84.65111
-52.16403 -86.22856
-44.80796 -83.33796
-56.61687 -78.43129
-48.67391 -80.92235
-48.74522 -92.34168
-54.72720 -83.20847
-52.01145 -83.10638
-48.53928 -82.94867
-55.32206 -88.76773
-54.30661 -86.88336
-51.97035 -88.11679
-57.97727 -79.48353
-44.50909 -87.94658
-49.81283 -81.98562
-49.66987 -90.20182
-57.73364 -89.97831
-48.79919 -88.01295
-57.23158 -83.81139
-48.59193 -87.35742
-49.67070 -88.82235
-46.19952 -83.96992
-49.54611 -87.91011
-60.87240 -74.92862
-52.64168 -84.65281
-53.58493 -83.60682
-52.42288 -78.89108
-43.91956 -83.43842
-57.00960 -89.21785
-49.22379 -89.98525
-46.38307 -91.18759
-49.94309 -89.45240
-49.81789 -87.47960
-54.99618 -80.92442
-44.44819 -86.41175
-51.14443 -86.97587
-55.37776 -80.16899
-48.06704 -86.19569
-48.24303 -90.80046
-47.81038 -91.56101
-47.14717 -86.66574
-54.68543 -93.15951
-52.00431 -93.49388
-54.77125 -88.45447
-48.37084 -76.15972
-51.75402 -84.62999
-46.56899 -79.18758
-52.61289 -89.30898
-52.06142 -88.80490
-45.53742 -83.77559
-49.33900 -88.62104
-48.67796 -84.06268
-50.96839 -82.49860
-53.85230 -83.28505
-48.54827 -85.55084
-53.64560 -86.15785
-45.57093 -81.58275
-49.02495 -85.45216
-48.65202 -84.00765
-50.01982 -84.23657
-57.79613 -88.81551
-51.68351 -85.67053
-49.51054 -83.85661
-46.79673 -79.70469
-55.16172 -88.11349
-46.31907 -94.35941
-51.58197 -88.70089
-56.29485 -84.70079
-51.58173 -85.61893
-46.39324 -87.26355
-49.21984 -86.09728
-52.53732 -89.02788
-52.58300 -81.28163
-52.76395 -80.44884
-51.41925 -86.45797
-45.70480 -87.08167
-49.31651 -83.67623
-45.15991 -82.53563
-49.64482 -89.21494
-51.42957 -83.57920
-47.25888 -91.62479
-51.40398 -85.15854
-49.28161 -83.60063
-54.50519 -83.20304
-53.03196 -94.40078
-49.40571 -80.82995
-51.34482 -79.59218
-49.52428 -79.81166
-53.36598 -85.71893
-47.24025 -81.07575
-51.87479 -87.73818
-49.45850 -87.83128
-57.88615 -87.81253
-52.04366 -82.05661
-53.61141 -88.97045
-54.72782 -90.84565
-50.22629 -83.84687
-48.63297 -92.99815
-47.21793 -88.37181
-45.72756 -89.64764
-46.58397 -84.76996
-56.54679 -89.48864
-54.01271 -87.89129
-48.84072 -92.32676
-55.03841 -86.15066
-47.42028 -91.05944
-51.80968 -86.34950
-49.09369 -87.50599
-56.63343 -91.69180
-47.22463 -88.63110
-45.86182 -90.11740
-47.53127 -84.06775
-54.86189 -91.00560
-50.01588 -82.32699
-48.90540 -100.30378
-44.50922 -81.43494
-55.17203 -80.79987
-51.52649 -88.94880
-48.23922 -82.57550
-57.22682 -86.88396
-51.58219 -89.57337
-54.52136 -82.49317
-55.23609 -78.02129
-48.61592 -90.55865
-50.06626 -85.70576
-45.56303 -86.52386
-57.74772 -85.01693
-47.66003 -90.93287
-43.17649 -84.55924
-52.56105 -92.90506
-48.10300 -88.44812
-56.31705 -94.44976
-49.87869 -83.34362
-54.13591 -79.86426
-54.27820 -89.42938
-53.60863 -83.34590
-50.18641 -76.14136
-49.07960 -86.09007
-45.10897 -77.90780
-50.51134 -87.61470
-48.79431 -85.34231
-51.58841 -79.57526
-56.84445 -93.37883
-45.32467 -82.24345
-58.14771 -85.12585
-49.95585 -89.85088
-48.24139 -82.90413
-48.49128 -83.60551
-47.70399 -88.03571
-54.69786 -88.16622
-49.74194 -91.94373
-53.40011 -81.81804
-47.56762 -88.81408
-55.57315 -90.34517
-48.52643 -87.03972
-59.19931 -82.94744
-53.68526 -87.00242
-47.76963 -82.12735
-53.48064 -88.72248
-48.73877 -84.20851
-54.82462 -86.64694
-52.33459 -78.91200
-52.31098 -82.82331
-58.39021 -85.70149
-56.68889 -81.46315
-44.84051 -82.63891
-61.41967 -85.87865
-51.13214 -99.44684
-50.68809 -87.48786
-54.81598 -88.92797
-49.96019 -81.31961
-47.33280 -83.72832
-59.35293 -89.04692
-47.38820 -83.69015
-52.46304 -82.15701
-53.84997 -91.27214
-53.23447 -88.78340
-52.27771 -86.27564
-52.05538 -89.13224
-50.57697 -89.65391
-54.57272 -84.81559
-52.65444 -79.32979
-55.48262 -84.64643
-47.38570 -82.07856
-49.57328 -79.84644
-53.73004 -90.19434
-1.20318 -99.97245
-3.23238 -100.90753
-5.21597 -99.86927
2.14652 -98.84033
-0.58053 -102.13715
-8.97021 -98.45179
-2.21354 -93.75467
2.36504 -102.43711
0.98823 -96.67529
-5.01593 -98.96467
-0.20890 -102.88598
2.15834 -96.05615
-0.23476 -108.78041
3.73859 -102.41416
2.64156 -96.86424
-0.87764 -99.27420
-4.44596 -98.31086
1.38831 -102.04506
1.94850 -96.56690
-5.90300 -97.48370
1.40036 -92.22863
7.81183 -102.71470
5.23054 -100.70656
-4.95317 -100.84315
-2.81610 -99.41717
-2.39814 -94.04816
-2.63457 -103.29396
-1.56548 -96.97584
-1.58523 -107.97663
-1.28630 -98.23998
-2.34148 -104.89473
4.83209 -95.88088
-1.69936 -102.52087
-8.43428 -95.41528
-0.00853 -103.99371
-1.68493 -98.96360
1.16905 -102.48000
3.93328 -96.43078
-1.27876 -103.90907
-2.63255 -99.52071
-5.66248 -100.56470
0.19915 -98.22709
0.75898 -105.84855
5.19182 -100.90972
3.66152 -98.79803
2.54799 -100.58702
-3.82093 -100.80186
-1.92766 -100.17856
-2.54669 -99.03133
-3.96590 -106.91577
3.80706 -97.69751
-3.81008 -100.75574
7.21043 -100.46699
-5.65754 -99.63094
6.00241 -93.32163
4.70493 -98.44462
-0.73289 -101.45651
-0.80186 -94.15424
1.74952 -97.56415
-2.74878 -97.88323
1.29673 -100.41969
2.30708 -102.59784
-3.82837 -97.61681
6.46858 -100.26265
0.12829 -98.29982
0.59149 -97.64467
0.73809 -100.62938
-1.51412 -98.94970
2.42978 -104.48146
-4.41012 -98.80240
-9.14783 -98.05448
-3.48343 -98.47792
0.42369 -103.20801
-0.68282 -101.50745
-7.67672 -99.45651
0.70994 -104.50591
2.06649 -97.74686
6.50149 -100.06293
-4.53458 -98.11538
-1.10890 -102.33607
-5.33398 -97.28261
3.46978 -99.59984
-0.52245 -92.04610
6.84674 -101.17987
1.75467 -102.27314
-5.13135 -97.19128
0.93317 -99.02587
2.84699 -103.37205
-0.11180 -101.51823
5.13981 -103.56746
0.42678 -106.25275
4.10541 -96.51105
-5.39227 -102.98654
-4.08864 -101.26965
2.91307 -92.97389
-5.06991 -104.51535
-2.85397 -103.88579
-0.65771 -93.75441
10.14217 -100.89452
5.86224 -98.33631
0.53219 -106.68816
-3.55300 -97.92791
-4.17217 -99.52277
-3.16416 -95.21644
0.06735 -101.95638
0.80811 -102.79439
-3.32822 -92.55335
-0.15802 -104.96186
-1.82532 -95.54535
-2.52040 -105.76254
0.89891 -106.41763
-11.41049 -96.72147
-5.26179 -104.84931
1.47065 -100.94982
3.04846 -108.58555
3.38463 -105.25055
-0.99332 -101.88305
-4.34373 -96.41051
-4.75550 -98.73613
-3.50963 -105.58242
3.39769 -97.33302
-5.29837 -102.00508
-2.28288 -93.25384
-6.55057 -97.83692
1.36731 -106.81133
-3.46730 -99.96842
-5.36280 -102.44715
1.25854 -98.94417
-0.43275 -97.87030
-2.07253 -103.25891
1.58558 -105.50348
1.64944 -99.87366
-0.61475 -104.57772
-5.49216 -104.42833
1.47881 -104.00771
1.94721 -98.50775
-2.71169 -97.68269
5.26982 -98.66339
2.61204 -96.26706
2.62249 -100.64820
-7.00165 -101.58380
4.07997 -100.72229
-0.74553 -100.45055
-0.74662 -98.91126
2.36003 -107.07130
-6.72675 -94.82796
-2.17346 -100.29241
-3.48779 -103.40188
5.12094 -100.41880
-5.65140 -98.74577
-4.58570 -97.48830
-2.59331 -100.45238
-4.40442 -106.46158
-8.55157 -101.45553
-1.13136 -101.93167
6.48058 -100.29713
2.49763 -106.25230
2.08804 -96.74065
1.90380 -100.87670
2.93369 -100.49987
2.66847 -91.26964
-3.16066 -93.62091
1.33720 -99.82726
6.70264 -100.15101
-0.57188 -102.81159
-3.79330 -103.72935
-2.08892 -102.78934
3.72342 -106.06024
8.66169 -99.98266
-1.98007 -98.50416
1.59003 -98.08720
4.14669 -95.64310
-4.38380 -102.15710
4.64296 -95.03318
-1.81362 -95.34219
4.07321 -104.76483
5.87014 -104.29361
1.72774 -95.35241
-0.63085 -99.87032
4.72608 -93.22374
1.56488 -97.17263
1.30607 -99.07897
-0.56827 -96.08562
0.71197 -103.48208
-4.23637 -102.40059
-0.68441 -101.02042
8.03583 -99.74696
6.66375 -104.29851
-1.08195 -108.73981
3.97574 -94.98948
0.94596 -96.74183
2.13953 -97.49671
-4.08805 -101.47423
0.59282 -95.98898
0.97173 -98.10151
4.04048 -104.66124
-3.51505 -95.89831
4.23601 -95.12080
3.42050 -100.16074
4.02284 -96.09647
23.42812 -105.10333
22.08863 -94.04775
25.44912 -96.61192
21.37849 -97.37609
25.51663 -94.88658
22.06997 -94.69492
24.35653 -97.20572
20.13372 -94.77476
27.81061 -102.30476
28.77119 -101.90639
16.32645 -92.81799
23.97636 -97.20732
23.06451 -100.80036
20.99740 -98.58768
24.08373 -95.47773
23.34304 -98.29007
27.17099 -95.57790
28.00700 -99.33900
29.29773 -95.81743
23.39810 -95.87402
25.55655 -90.51438
27.17882 -99.39712
21.25668 -96.87685
31.62793 -100.32518
26.84657 -101.48291
20.65883 -92.15739
28.36692 -90.87139
26.53563 -92.47538
23.27599 -100.70045
21.03064 -95.74493
19.42399 -101.41657
21.48081 -99.48658
25.37741 -93.45084
18.96270 -97.85934
22.67462 -95.09266
25.19733 -101.28532
26.85211 -91.86938
19.24348 -103.62627
21.94225 -94.96629
18.56666 -95.69435
23.72695 -88.72353
15.65276 -97.38960
20.85860 -91.92018
24.33062 -96.39363
27.55741 -96.14571
22.24416 -102.18296
25.25201 -95.60757
18.90001 -98.07099
25.65497 -103.05972
21.16431 -95.64850
27.04087 -96.42431
31.12973 -93.68067
19.70482 -99.93245
17.30680 -96.86875
33.75907 -95.61309
27.32064 -95.20135
25.60127 -91.07507
20.18668 -97.88713
24.12057 -93.95975
23.08816 -97.98333
17.03441 -99.56611
19.64122 -94.37920
17.53919 -93.10981
21.46252 -95.29134
19.56798 -102.19474
19.40606 -101.79528
18.45044 -98.67166
22.42042 -105.88181
27.27517 -93.94578
28.14213 -101.64095
16.66364 -105.04138
24.39424 -89.84232
28.92024 -96.75903
31.73147 -91.29272
28.88731 -93.74080
18.62264 -101.92704
29.45758 -100.09271
24.57787 -97.62139
21.81408 -99.25244
16.87935 -96.37418
30.50116 -97.04203
28.18487 -105.94844
25.16354 -95.35834
24.23675 -108.17760
28.89778 -103.35342
22.99326 -94.79681
24.20900 -92.40813
34.01720 -97.30214
25.68290 -105.46452
33.27019 -101.76318
31.28750 -96.35996
26.40804 -101.20776
25.82565 -100.21507
25.58409 -95.98868
34.37612 -97.99479
18.75329 -101.08826
30.11723 -96.28311
19.90974 -97.85527
32.00984 -88.44685
23.16207 -91.88458
26.73362 -96.22810
25.81966 -95.08620
28.73245 -94.24383
24.12966 -91.73493
29.14883 -89.34131
17.90091 -95.22736
24.85428 -92.69081
29.55629 -99.68901
33.05095 -97.05954
18.62587 -105.01111
24.03679 -100.72229
23.65139 -101.09534
13.58051 -94.06767
25.76982 -92.68243
18.50422 -90.10847
35.80814 -95.80871
24.52618 -89.61107
24.86366 -91.08495
30.75697 -96.75639
20.59281 -95.93815
24.71658 -93.74009
21.12881 -91.41745
26.99666 -98.79497
22.81161 -99.37345
20.33332 -96.79396
22.23875 -98.29406
24.89317 -93.87470
22.72848 -100.40823
22.38876 -106.35362
30.19754 -93.17432
19.44497 -95.17562
29.00417 -97.68612
18.08646 -95.84411
23.47993 -103.79871
22.53251 -98.07350
23.73595 -101.36495
26.80601 -103.35113
29.87729 -96.90762
14.55068 -100.11671
25.33676 -96.71817
29.62309 -92.19540
28.46217 -96.16483
24.79739 -94.77184
27.94202 -97.00014
28.28651 -96.16694
29.70014 -98.53507
21.39193 -99.09059
19.89171 -97.90042
21.01861 -97.69494
21.43298 -92.73848
19.96513 -96.44104
27.99341 -91.45946
22.88034 -95.05946
28.84763 -101.62136
31.35418 -98.95374
18.48187 -92.20640
22.58344 -89.46476
35.36940 -88.00423
22.78197 -97.88688
24.88622 -88.11809
27.29777 -96.99855
26.29970 -94.09261
32.18747 -98.95488
27.18886 -98.44044
24.75255 -100.22443
29.23123 -91.19079
25.14748 -92.22392
27.73777 -100.18480
25.70845 -98.35689
23.79098 -98.03507
19.14824 -99.47386
33.02813 -97.47594
23.06420 -97.45818
33.28694 -103.82477
23.76576 -102.32673
31.66236 -98.80985
23.96961 -94.34938
18.97337 -102.29045
18.75552 -97.38118
23.23292 -106.10459
24.28878 -103.72203
26.75466 -98.05387
25.97204 -96.80206
23.58282 -102.24627
29.12052 -100.86158
26.11387 -103.16893
17.40990 -98.51117
20.61915 -101.96335
24.59812 -96.46875
24.43155 -95.71122
25.79771 -105.04425
27.66373 -104.88418
25.86925 -94.87848
29.08643 -96.82511
22.81278 -93.46217
24.37483 -94.26350
18.78355 -96.76794
25.89950 -94.76380
18.59385 -93.62590
22.34245 -103.24378
67.77560 -72.69329
70.76828 -66.61074
71.41036 -65.24351
67.63358 -70.44726
78.50025 -66.38050
67.95999 -77.73909
66.18924 -69.70252
67.98739 -72.80209
74.90643 -65.47401
65.27609 -77.76104
72.18574 -76.14516
67.50050 -63.42060
65.89579 -74.69919
65.25393 -69.06145
71.07777 -77.58698
72.66605 -66.70600
73.38828 -67.55772
71.81772 -65.03748
72.73583 -74.15683
77.03266 -73.75476
66.12667 -69.66492
74.00167 -71.25868
68.60581 -71.45300
65.34481 -66.05553
70.99376 -70.21649
69.18520 -67.51583
76.05531 -71.00505
64.28348 -76.87481
60.02815 -69.52572
66.64268 -77.75779
70.10477 -68.31177
70.04949 -67.79955
66.89839 -75.35861
67.61193 -76.47843
77.50159 -69.35499
72.66649 -66.40296
65.33073 -70.09154
70.20964 -69.97708
70.83084 -71.98496
71.63528 -64.15949
74.20600 -77.06421
68.47474 -67.67247
77.17143 -72.61543
69.73156 -80.44747
67.31041 -72.95872
67.27042 -77.44479
70.99963 -72.94163
64.51795 -71.72721
74.77250 -69.45757
69.17506 -73.90732
68.90468 -71.08389
71.02309 -70.27949
68.25142 -77.55690
75.97393 -72.77631
66.39320 -78.81222
76.57184 -74.81836
70.15789 -71.03826
75.15201 -66.97653
74.28546 -62.63721
69.19307 -74.63494
71.82097 -71.80234
73.41241 -71.34109
64.09804 -70.53629
69.77240 -71.32717
70.22226 -62.73657
64.52830 -68.32140
73.88993 -68.55817
71.73998 -62.40941
71.83132 -72.73738
73.23997 -66.46255
67.43192 -66.43440
63.71402 -67.72420
71.93438 -74.00867
68.30972 -74.41811
74.35029 -72.14013
71.87753 -68.88033
73.22312 -71.74176
69.44805 -79.66376
67.55994 -75.06875
70.36022 -77.32343
64.88161 -75.72445
77.84518 -76.24379
68.82926 -76.16453
62.68651 -65.10032
68.70992 -71.76869
72.06801 -65.52137
65.18248 -68.48150
63.37783 -73.79653
69.72559 -69.31087
75.85690 -77.46071
70.98050 -69.57045
72.36330 -71.31687
66.78608 -66.11547
71.45425 -74.59694
75.63728 -75.76479
71.18991 -66.85373
74.02299 -70.14524
62.47306 -73.41939
69.18627 -68.62949
66.18549 -73.81193
65.65420 -72.36594
65.96164 -70.58656
72.18597 -74.44739
69.17641 -69.99258
74.29473 -67.02175
73.43518 -74.31010
73.55008 -72.78806
71.13169 -68.76746
79.96652 -72.07954
73.17200 -81.29720
77.56354 -72.96793
75.50576 -68.54947
70.14820 -75.15482
66.88801 -67.84276
68.22756 -62.30818
74.58742 -70.93495
71.91627 -70.15152
77.09596 -77.78268
69.58768 -67.72096
69.60659 -67.77706
73.19672 -72.43325
76.38666 -64.32853
64.90673 -74.45095
75.30489 -72.06432
73.58241 -68.67573
76.25330 -68.73822
79.44209 -72.17845
75.28204 -69.71120
69.44245 -71.54646
72.30228 -71.65499
73.96679 -71.16537
73.55185 -76.33206
61.50086 -69.28750
71.05406 -70.17755
70.45699 -72.09611
67.87744 -69.75244
66.17967 -69.30912
68.41065 -70.37783
68.43532 -69.39994
68.88641 -74.87096
69.54413 -69.28467
69.98912 -72.77489
68.76338 -75.50189
69.66387 -69.67403
60.94393 -65.41435
70.14908 -67.41347
72.98290 -75.92864
69.97194 -69.18814
76.56162 -72.24505
68.82217 -70.41208
77.52406 -66.11374
70.57745 -67.04035
77.90520 -67.21302
68.78686 -73.37544
66.44344 -76.08863
71.16338 -74.63770
65.22812 -68.62124
72.11859 -66.86407
67.04754 -76.64805
66.04595 -65.18006
69.75594 -68.67159
70.28168 -74.05834
73.78959 -69.27093
71.37593 -72.75051
60.04669 -65.19957
64.28542 -74.30650
74.76326 -68.12378
70.40540 -69.20466
68.36959 -73.10795
73.92038 -72.30921
75.99026 -67.34986
69.18354 -63.34564
68.84118 -70.82306
70.94090 -63.41871
69.85902 -74.07445
71.47070 -61.29733
69.03598 -72.17983
69.93827 -67.26125
74.94712 -70.63859
66.40412 -69.52478
59.77868 -67.24052
73.32929 -76.82357
71.69627 -73.34287
64.07760 -66.31373
69.17861 -75.23201
74.05086 -64.61012
72.47103 -73.89635
73.53466 -70.48909
64.85151 -70.13656
75.59886 -69.22792
72.51644 -69.10152
64.45188 -76.31704
71.72460 -70.14635
77.69374 -59.16413
69.76316 -68.32827
69.50302 -75.62025
71.87033 -72.07657
65.33195 -64.62044
67.97199 -68.51653
68.49682 -72.49501
74.51615 -51.95463
84.72812 -53.76420
89.68868 -58.24863
89.44934 -51.14493
86.72744 -51.21460
94.44899 -47.52486
81.60123 -43.80478
85.86079 -51.36117
77.29179 -47.49506
85.60352 -51.15152
82.09891 -51.88279
82.49329 -53.71782
80.97309 -53.95256
89.78553 -55.33924
87.37785 -56.21045
83.77212 -51.90429
84.65493 -51.34555
81.71413 -54.47715
89.86995 -49.79092
82.92893 -55.93234
91.17532 -45.23093
92.16120 -53.97489
89.30100 -50.10388
84.66601 -46.95426
90.31811 -56.20994
85.75458 -46.74334
91.42015 -52.94732
86.11870 -45.36992
92.49949 -49.80808
81.92134 -49.64958
83.23752 -54.66737
87.50449 -47.43922
87.57271 -50.53923
81.75087 -53.61132
86.73741 -57.71898
84.04470 -54.69058
87.89738 -44.82750
86.07336 -50.02643
85.33195 -50.62910
86.03216 -55.64722
86.07653 -45.64777
91.74971 -51.31077
81.41849 -50.50879
86.60490 -54.80363
88.65730 -48.19472
96.80208 -45.13568
82.11691 -45.25671
82.25619 -49.30578
85.82877 -50.97998
87.81289 -51.01787
82.43830 -50.13854
84.46080 -54.04390
80.76124 -53.49568
88.07306 -47.68545
81.38399 -52.46489
89.94131 -51.65030
93.30555 -55.26595
90.34368 -57.91142
92.41010 -54.81704
92.84333 -48.87809
88.77134 -53.52719
87.48291 -56.65436
90.03528 -53.50148
87.31786 -50.10709
88.51773 -48.27771
83.80014 -52.79767
89.14484 -51.35050
83.48709 -50.17159
77.04581 -51.18474
81.89941 -48.63623
86.48905 -50.19910
81.16709 -54.83850
80.12546 -49.95517
92.35356 -56.22469
78.23006 -54.90910
80.99004 -50.82689
83.40876 -59.62451
89.06832 -43.84375
87.43438 -49.10346
85.85208 -50.72077
79.88572 -46.68751
88.56611 -51.00942
92.53919 -54.37654
88.81909 -53.96574
87.02089 -54.87546
85.24730 -58.55345
82.63708 -51.23524
88.85518 -47.68222
83.93336 -51.79804
88.08790 -54.28835
87.25918 -46.96017
83.00380 -53.84229
84.09153 -50.01260
86.22204 -42.09854
84.22918 -53.54311
85.95992 -46.41759
85.47394 -51.01512
88.53310 -47.93318
91.06644 -58.26617
91.16946 -53.08272
85.81635 -52.17159
79.58803 -48.40471
84.10552 -43.60244
81.20721 -56.75001
90.22205 -56.34495
84.57222 -47.68891
84.67801 -52.29017
89.79380 -54.70357
84.67319 -54.07426
88.57493 -50.09560
85.87775 -58.73417
82.70273 -49.46610
84.95754 -47.44654
87.37633 -49.53056
81.65703 -48.57767
85.28596 -51.23716
83.21171 -51.40582
81.66247 -47.85420
83.09839 -50.57878
86.40238 -45.18774
90.06793 -56.79013
78.47939 -42.92403
93.31457 -52.69739
83.34963 -52.74088
92.94301 -54.47611
82.12191 -51.23546
86.72569 -47.72759
86.72793 -51.60473
85.54818 -49.28947
85.99756 -50.02105
82.59139 -55.41147
89.40856 -51.41153
81.59734 -54.92914
92.38665 -49.21680
85.07583 -52.51956
84.87988 -54.83413
84.18469 -54.58048
92.06821 -50.12685
87.47097 -54.79906
81.83019 -53.00573
88.90280 -51.41548
92.32537 -49.76988
82.95133 -49.13164
87.95092 -58.29982
84.09349 -46.22152
84.02973 -51.45677
79.40386 -43.96105
86.46857 -53.32188
85.73066 -50.20533
84.45124 -51.96337
84.67605 -55.93566
82.03461 -54.15020
85.58521 -46.44462
87.76616 -49.47585
86.86395 -51.57998
82.68135 -48.80143
78.09768 -47.10284
93.07567 -49.68211
80.78671 -51.70598
93.01258 -50.77910
82.63263 -52.56041
90.03738 -51.93704
88.78285 -53.74937
84.93108 -51.18611
84.33115 -44.21701
87.85221 -42.97681
86.16864 -42.75926
88.02541 -41.45070
86.27947 -54.66039
85.03551 -49.60078
84.49895 -56.90943
84.02915 -55.69715
81.63077 -56.86341
86.02516 -47.16642
88.32861 -53.62509
86.17262 -53.69033
88.17075 -44.95132
92.23797 -48.66220
87.28079 -49.97971
89.97179 -49.04577
82.19370 -55.22320
87.08102 -55.62984
83.95858 -44.63374
87.38762 -48.27806
89.02087 -54.81142
87.49791 -45.43704
89.56287 -49.72056
89.49328 -51.82240
92.84504 -50.54081
77.72417 -44.78341
79.95332 -51.86669
85.58975 -56.51114
90.31359 -54.70317
94.16273 -43.58726
89.79559 -56.91008
89.23701 -47.11870
91.14046 -61.97815
83.22973 -45.78071
84.84474 -49.97269
91.12174 -48.89071
