-0.69619 -0.25423
1.33866 0.39980
2.09918 -0.45247
1.26463 -0.93316
1.15586 0.54651
-0.29572 -0.06239
2.07858 -1.66693
2.46398 0.51254
-0.62301 0.15769
1.49746 0.54405
1.84538 0.46507
-0.64574 -0.14876
-1.38030 -2.81545
-0.37085 -1.19008
0.76569 0.42441
0.72459 -2.15434
1.38794 1.82828
-2.45475 -0.56266
-1.50949 -0.50849
0.95203 1.63675
-0.29251 -2.10151
0.48977 0.60813
-0.35712 -0.36089
-1.83525 -0.65457
2.08448 3.13415
1.77782 -1.49976
-1.29580 0.00155
-0.62499 -1.86988
-1.17249 -2.57571
0.67630 0.04636
0.37917 0.14385
1.84432 1.51535
3.34540 -1.45464
2.15641 -2.00537
0.93113 0.83807
-0.32976 1.60294
1.38377 -2.73711
-3.61236 2.12613
-0.19506 -0.31011
0.83688 2.34331
-3.08997 -0.96578
-0.38439 -0.10124
-0.12224 1.84212
-1.32878 -2.11554
-1.31197 0.21895
1.23913 -1.03290
-1.40483 1.61734
1.31728 0.46484
-2.37252 0.80003
-0.29124 -0.02756
-0.19560 1.37851
0.15392 -0.94673
-0.92831 1.39559
-1.75577 -0.26349
1.47013 -1.33445
-1.48771 -0.45542
-0.25205 1.14662
-0.15598 0.19321
-1.09853 1.95349
1.96197 -0.33608
-0.96188 2.14966
-0.69754 0.95315
1.69848 1.40532
-1.20069 2.08943
2.39500 -0.59737
0.64747 -0.52299
-0.45793 1.14255
1.96906 0.67025
-1.52087 -0.18248
0.37664 2.52110
0.43281 -2.94357
0.80230 1.47158
0.78580 0.60024
-0.19786 -1.31297
0.02599 -1.07242
2.58300 -2.95903
1.10290 0.28823
2.13380 1.77917
-0.60678 1.65469
-0.56952 -1.48169
-1.08674 -1.77731
1.19696 -2.96826
1.53385 -0.56489
1.24334 -1.86865
2.56598 -1.98893
1.15082 -0.26961
0.18740 1.75936
-3.48115 -1.01369
-4.23315 0.10240
-0.34557 -0.38267
1.20542 -2.07543
-0.57945 -2.60683
1.98308 1.60640
1.00875 1.25304
1.81240 2.30133
0.12489 -1.14348
-1.67669 -2.00328
-0.50910 1.06803
1.28347 3.16188
-0.14423 1.03661
-1.75230 2.89994
-0.86303 1.70077
-1.88414 -0.53931
-0.84472 -1.67584
1.96679 0.22333
2.46705 0.16144
0.08302 -1.69543
-2.27374 -1.25415
0.90943 0.50719
0.81662 0.04957
0.14387 0.51511
-0.10394 1.09051
-1.98351 1.09688
2.24306 -2.14585
-0.91597 2.30589
-1.29041 -0.21175
0.91872 -0.76982
-0.11247 -1.26775
-1.71507 -0.14359
-0.22074 -0.00622
-2.35977 1.66755
0.34643 1.20432
-0.86756 1.44430
0.54717 2.69404
-2.24002 2.28057
1.26802 -1.33932
-2.52305 3.16645
0.84876 0.39694
0.93418 0.05927
1.60695 -1.45852
-1.52970 -2.95760
-1.51920 -0.69435
0.60938 0.71005
-1.48550 0.59667
1.96393 -0.25630
1.60135 -0.26493
-1.20010 -0.13746
1.72783 2.48941
2.05474 -1.99024
-1.00309 -1.14857
-3.13061 -1.39818
2.28067 -0.59035
0.85143 2.16902
0.62655 -0.14422
-2.02824 -1.67993
-0.43388 3.00807
-0.15931 -4.27068
-0.40907 -1.62048
-1.95552 -1.08210
2.63719 2.36709
-0.88215 0.23201
-1.70909 -2.14065
-0.57778 -1.33827
0.39994 2.17313
1.14841 -0.34585
-0.28753 -2.15898
-2.11944 0.67630
0.03317 0.42357
-2.32415 0.96287
-0.45122 -0.96372
0.47375 -0.86428
-0.37542 -0.88251
-1.68304 1.53350
1.84789 0.33611
0.29091 -0.04142
-2.88354 0.49048
-1.52505 -1.47121
2.16837 -1.30684
-2.76445 -0.85273
-0.23132 -1.83188
0.88980 1.03789
0.11220 -0.03120
-1.72143 -0.74278
0.47374 3.45207
0.85596 -0.47286
-0.60153 2.17673
1.11402 -0.02350
0.13159 -0.49866
1.87079 0.68718
2.53470 -1.20089
-0.19157 3.61134
-1.10254 1.31937
-0.62294 0.72855
0.40891 -1.54310
-0.93715 2.77616
1.70576 -0.11114
3.34147 -1.03110
-0.42819 0.47964
1.01988 -2.11253
0.07192 -2.73714
-1.16685 -1.30978
-0.87810 1.29581
-0.86853 0.59454
-2.63032 1.79016
0.20757 -3.12735
0.25887 1.05585
-0.92272 -1.36879
1.57836 0.17503
0.61801 0.15103
-0.61619 0.77571
7.13821 -0.85277
4.64958 2.88501
5.65853 0.81585
5.11072 -0.31321
5.86280 0.84503
7.66583 0.50150
6.17450 -0.97005
5.02037 0.05217
7.48918 -0.07019
5.49253 -1.38362
5.37953 -2.13938
7.37248 -2.29872
4.11263 -1.22146
6.72756 1.15350
2.83293 -1.33982
7.40978 0.61613
4.25748 -0.46981
5.56092 0.54153
4.61938 -0.65260
5.05752 -1.08888
7.14401 -1.41777
7.30064 0.14389
5.14729 -0.38864
4.25381 2.84574
6.11639 -1.49617
8.31804 2.08945
6.23196 0.78983
5.54896 -1.57715
8.29678 1.25277
5.55840 -2.01268
6.02533 -2.45179
5.79297 -2.48817
7.65076 1.38153
3.96795 -0.47174
6.67829 0.04332
7.05383 0.51176
5.61753 -3.51210
11.21531 0.22920
4.79899 -1.18442
5.88211 -0.95463
5.91482 3.55959
4.41574 0.38435
6.43566 -3.37517
6.09458 -1.78849
4.37308 2.13661
5.24174 -2.55729
5.82833 -2.61705
3.71624 0.41802
7.98922 1.72034
7.13390 1.92924
7.86113 0.04096
4.17335 -2.60998
3.35114 -1.26643
5.39612 1.27069
4.80536 0.60596
6.37821 0.97649
6.29089 -0.16846
5.02060 -0.67706
9.00839 3.15657
5.88107 -3.05862
6.96498 0.07102
7.51164 0.07906
6.18109 2.08198
5.74229 -1.68063
4.14503 0.54518
6.21688 1.12343
5.70922 -0.82819
6.29965 0.90112
6.33646 2.63334
6.87673 0.91677
6.00378 -0.81531
5.53610 -0.78002
5.86384 -1.55421
4.67063 -0.60990
5.25091 0.82771
6.71219 -1.76012
4.79751 0.24131
4.76151 1.01312
6.79800 -0.08017
6.45334 1.16325
4.16139 -0.93513
5.78158 1.72325
6.67201 0.24327
6.07195 -3.28553
5.31457 -0.99274
4.11068 -2.69706
7.24206 2.76695
7.39857 0.57393
6.71094 -1.61999
5.72226 -2.24333
6.69903 1.64085
8.36420 -0.50942
3.84922 -1.44249
5.80469 0.28053
4.72427 1.02403
4.10003 -0.76627
7.48170 0.77145
5.12367 2.75511
5.34093 1.96778
5.50057 -0.58911
7.59176 -3.92373
7.45540 -0.62131
5.26797 -1.50259
5.51607 1.42887
5.51257 0.08261
3.99865 -1.13266
5.31149 1.65544
6.46174 -0.20018
4.39656 -0.74705
4.93448 -1.85637
6.39243 1.04409
5.61871 0.40447
5.23666 1.33763
5.13490 -0.89608
4.68502 0.45634
7.96031 -2.14480
7.00115 -1.77132
6.04335 0.97001
5.34285 1.48625
7.23951 1.44982
8.47131 -0.06395
7.72879 -0.13444
5.70056 0.78343
8.73820 0.87467
6.43238 -0.11660
3.52025 -1.46503
6.02707 0.13236
5.76789 -1.04052
8.40291 -2.47851
7.51361 1.12988
4.47835 0.13783
6.00222 -0.50343
4.09701 0.00788
4.81595 2.88413
8.00633 -0.97113
7.05511 -0.34569
6.09736 2.12142
4.15962 -0.85861
6.63204 -0.25551
5.21585 1.59841
6.63816 3.42521
6.47020 0.15145
5.25637 0.80648
6.33623 -1.51142
4.56660 -0.52321
6.67389 -2.03121
6.27479 -1.70059
5.27520 -2.05921
6.84958 -1.62826
6.99718 2.12140
7.96466 -4.77758
3.86194 0.80627
6.10584 -1.07329
7.20307 -0.80759
8.25781 2.17784
4.43715 0.16051
7.31893 -2.47756
4.24369 2.33040
6.33529 1.16058
6.60674 0.58490
6.90724 -0.49400
6.14807 0.30628
6.54365 1.54254
6.55997 -2.61032
5.11437 0.77644
4.36940 -1.48769
6.45993 -0.79704
6.97059 2.60202
3.99326 0.62716
8.60092 -0.26801
5.82802 1.30762
4.14172 1.60428
6.10702 1.77369
4.30394 -0.34077
6.35048 -0.68050
5.72405 -2.02464
6.92553 0.57840
5.54954 0.52517
6.07819 -2.39278
5.58853 -0.87344
4.02487 -0.34219
5.69716 1.10515
4.48289 0.92907
6.93600 0.62018
7.07168 -0.09562
4.29265 0.04706
7.49904 0.06286
6.39574 3.68090
5.01436 -0.21591
4.24873 -1.34950
6.59703 4.53913
4.22504 -1.05327
6.90045 -0.29765
7.36030 -2.09814
7.77755 -2.26236
8.39012 1.45946
5.55642 0.09148
7.02028 0.48046
4.71043 -0.82892
4.91121 1.84068
12.55150 -1.88098
11.01842 -0.30470
13.47929 -0.67469
10.47265 -1.92082
11.96007 -0.73466
12.93135 -3.19748
11.46157 1.21533
12.23185 0.12530
12.50559 0.27131
14.18324 0.48057
12.61481 -1.47635
14.55617 1.93869
11.75473 2.58366
15.18732 -0.30299
10.31499 1.82699
13.87985 0.46599
11.34640 1.54159
13.84092 2.74400
12.07712 0.43757
12.59907 3.63267
11.60864 -0.71054
11.60076 -1.25758
10.46634 1.31074
13.47576 1.87341
13.74676 0.16648
13.40738 -0.86194
11.21362 0.22659
8.48437 -0.76049
14.13498 1.16273
12.85606 -0.39527
16.81396 1.48383
12.14518 -0.52982
11.92172 -1.55408
13.92708 -0.65398
7.69879 1.54149
11.65006 0.62566
13.34699 -1.55895
14.51867 0.68352
13.88193 0.13610
13.50334 1.44954
11.62724 -2.35672
12.70597 -0.97504
10.90962 -0.60625
10.73708 0.74548
10.71755 0.00662
12.51940 -0.29971
11.09725 -1.35316
13.23471 0.04020
11.00482 1.23118
11.65438 -1.64678
12.67193 0.78355
12.21520 0.28092
10.60069 0.47799
11.67030 -1.90496
13.02892 -1.12366
12.93620 1.98319
11.99925 -0.16876
11.48758 -2.24521
11.51575 -0.35033
10.67939 -2.52940
10.03342 1.42448
12.66929 1.02018
14.71172 0.66481
12.20698 0.33822
12.61408 -2.43832
12.60744 -0.36278
11.82814 2.27436
14.27863 -1.41733
12.88110 0.87526
13.20339 1.57287
11.79673 1.33089
11.57825 0.89688
10.32205 0.27169
10.38550 0.26305
13.96031 -1.85168
13.12087 -0.53001
10.82496 2.74367
11.43514 2.46236
12.67042 0.18119
14.23042 1.39980
13.12163 -2.96982
11.58509 -3.05964
12.82153 -0.25084
10.51324 0.69240
10.98819 0.44038
11.38750 0.29217
11.72070 3.12259
11.25418 -1.57657
11.98758 0.63800
12.50163 -0.01262
13.66454 -0.73598
11.18330 0.93021
10.49366 -0.52702
13.24118 -0.49052
13.57816 0.07536
11.76267 -0.20630
11.37648 3.63273
12.19574 1.65523
10.15221 -0.84290
9.80322 -0.32629
10.51237 -0.25142
12.29079 -4.89124
11.11374 0.22191
12.67666 -0.71653
9.72978 1.17722
13.17398 -2.03597
12.59230 1.64658
9.90039 -2.35182
10.51766 -1.81603
13.14762 2.17581
12.31326 2.18787
13.31749 -1.64401
13.51883 -1.38448
13.40948 0.29546
12.36514 0.47900
13.02518 -1.40956
10.54340 -0.37111
12.29064 -0.48885
12.32536 -0.40076
10.19492 -0.03628
8.71200 0.51853
10.62418 0.31012
12.42946 -0.64062
13.83023 -2.40959
13.56570 -0.41784
13.01992 -0.27570
12.37944 1.30564
12.54766 2.38251
8.80419 0.74154
9.55484 1.88266
12.18889 0.36652
12.71785 -1.37780
14.30331 0.45455
14.59045 -1.08327
12.49141 1.45797
15.95142 0.02473
12.58570 0.49882
14.11097 1.77844
12.62782 -0.42494
10.81743 1.32640
13.59784 -2.26029
12.60969 -0.87456
11.95028 0.82515
11.49915 -1.87496
13.00154 -2.70644
12.90226 1.12948
12.66817 0.74012
14.18352 0.31835
12.79971 -0.51751
10.57392 0.24262
11.95394 -0.36646
10.76259 1.84010
14.35529 -1.31072
12.39857 -0.85010
13.41682 0.65922
12.47087 -1.19391
11.51047 -2.16073
12.21085 0.51611
13.14872 0.38361
12.29707 -1.39913
9.72291 -0.10332
13.49266 -1.35660
15.11053 0.05657
12.05782 1.11497
13.14639 -0.38353
9.70094 -0.05642
12.14708 -0.34009
10.71410 2.11804
14.20952 0.36027
9.33985 -0.01050
9.54710 -0.03243
11.15636 1.53008
10.48762 -0.33367
12.10004 -0.58470
13.37466 -0.59865
11.90425 0.00709
13.57585 0.86629
10.76459 -2.78733
10.29795 -0.12555
13.49562 1.00477
13.51580 -0.99585
13.33582 -2.90846
11.27716 0.89589
10.18557 -0.11891
13.36428 1.15841
8.23574 -3.14937
11.95594 0.71259
12.00676 -1.27895
14.71890 0.52721
12.07744 -0.63988
13.01024 0.59879
10.60791 -0.54923
12.02648 -0.93040
9.13468 -0.18284
12.78609 1.88275
10.03838 0.18680
11.13632 -1.08891
13.83536 -0.13117
9.33454 -0.29705
12.81316 0.05195
16.63906 0.59861
18.96350 0.35294
18.00152 0.62877
17.56388 1.03386
16.33047 0.12439
17.56425 -1.31784
18.81904 -1.10638
17.83041 0.30949
18.69536 -0.42222
16.43707 0.58294
17.37087 3.43405
15.11921 -0.46722
17.77686 -3.62429
15.69621 -1.35784
17.37950 -2.86678
16.83848 0.48162
18.33108 2.49994
17.48349 -0.25062
17.76821 1.52714
18.09677 0.35749
19.59025 0.08270
19.58926 2.52678
19.06340 -0.18264
16.82611 0.72969
21.42599 -0.06766
18.65432 2.51573
19.61981 -1.03888
17.07056 0.24674
17.48378 -0.65398
18.68778 -0.20184
15.81387 1.60161
21.20721 -0.80015
16.83322 -0.07753
17.28240 1.59191
19.98420 2.99899
19.68952 0.94466
17.16269 2.15762
19.99254 3.45863
15.35857 0.90953
18.02797 -1.41064
18.85501 -1.03073
18.93636 2.07044
16.70739 1.85965
20.02576 -0.22927
18.19146 1.99898
19.08274 -1.01611
17.83227 -3.11958
19.90215 2.08392
18.32391 0.27946
17.23117 1.17704
19.31830 -2.52077
18.03684 -1.52111
17.25960 0.30186
18.14668 -0.50495
16.70781 0.81351
18.12633 -1.04351
17.47336 -0.46933
19.41659 -2.10322
18.71395 -1.53025
15.99017 0.22607
19.88459 -2.70775
20.11147 -2.23388
19.59657 -1.99686
17.25689 2.55528
19.43447 -2.03144
19.63755 -0.82041
16.28599 0.23389
20.47367 0.15287
18.60743 0.37580
18.78534 -1.35252
17.99703 -0.20742
17.33704 -1.50209
20.11757 -2.75686
16.96761 1.49930
16.65790 -1.87834
16.38482 0.11421
18.71256 -1.63395
18.43440 1.19878
19.31369 -2.29331
16.89328 4.21515
19.83739 -1.17764
17.65764 1.78304
15.63504 0.16004
18.94166 1.38360
17.63245 1.29884
16.68072 -1.11868
19.90254 1.81348
14.89369 0.87942
16.08259 1.58956
16.12378 -0.59105
18.40057 2.09885
21.19332 -0.15323
17.69802 1.08122
18.46053 -1.20141
18.64694 0.76426
19.80990 0.64249
17.81490 1.73989
17.74265 -1.13049
15.87241 0.88354
16.18027 -0.88752
16.57881 -0.65289
19.06668 -1.04921
16.94109 -2.02853
17.24902 1.85822
16.46770 0.43742
18.10025 -0.31762
17.50644 -0.45086
20.10163 0.18115
17.02624 1.37296
18.81565 1.09845
17.51217 -0.00171
15.85922 -0.22892
15.22528 2.91224
15.99786 -0.74545
17.39975 0.41290
19.68433 1.56090
16.98260 1.14629
18.61022 -0.69223
15.97158 0.01930
17.59041 -0.75070
16.05123 -1.76095
15.84880 -2.66241
17.90747 1.09807
19.09043 0.10409
18.04412 -0.50195
17.08810 2.17649
18.85843 0.59220
17.96206 -0.17986
15.63205 -1.46289
18.82987 0.07934
16.69166 -3.00905
15.71457 -0.67977
19.04576 -0.05864
19.81414 -1.93753
18.15302 -0.95032
19.19884 -1.22140
17.31949 0.40840
18.98269 -0.80301
18.97167 2.63630
16.08074 -1.79311
20.73980 1.81792
17.63895 1.00033
17.85675 -2.01180
15.17495 -1.23347
17.71908 0.68542
17.21465 0.59426
18.71052 -1.27889
17.32748 0.85240
19.56050 0.00127
18.64104 1.71072
17.80640 0.54082
16.94446 1.20222
18.49060 0.38386
17.98838 0.50595
17.75525 1.42055
17.88966 1.97440
17.06135 -2.92077
22.16004 -0.83507
18.75084 -1.15896
18.09686 0.92367
18.36602 -1.96675
17.57357 2.58752
20.07130 -1.63662
17.20332 -0.24481
17.08046 -1.35406
16.54712 0.25684
15.55793 0.52879
16.30278 0.32879
17.40743 2.19605
19.93681 0.75177
17.37265 -0.30054
18.68846 -0.85626
20.92475 1.24015
18.00778 1.62271
17.93770 1.12219
17.77107 2.52252
18.29075 2.05200
18.12307 1.36749
19.08456 -2.44575
17.02359 -1.53002
19.01533 -1.29623
17.81687 -1.01268
16.32910 2.06223
19.49651 -2.75056
18.65894 1.14442
18.18486 2.89669
15.61024 -0.98898
17.18496 -1.91544
18.84179 -2.71568
16.75911 2.04935
16.25003 -0.81698
19.19161 -0.10559
18.22012 1.53628
20.60496 -0.86363
21.02134 0.42483
19.74735 0.59791
17.54034 0.02134
19.05285 1.15851
17.10211 -0.48112
18.21044 2.92360
25.41438 0.63113
23.97595 0.90869
24.22604 1.21172
24.16021 -2.13461
22.01719 -0.64608
23.22501 -0.62078
21.58396 2.22636
25.95838 -2.39374
22.60006 0.86916
22.38770 1.83057
23.13519 3.41825
25.54948 2.56254
22.03436 0.56956
25.42371 1.00052
23.34061 -1.88911
22.78693 0.94282
23.95230 -1.23094
24.84718 1.25498
24.72124 1.68298
24.18950 -3.62583
24.32457 -0.80478
23.90647 -2.02466
22.93674 0.65165
22.30117 1.85830
21.83162 -2.18485
24.77108 1.27492
25.04440 -1.26903
24.43555 -0.70694
25.73882 0.78623
23.43754 2.78120
23.80774 -2.40890
24.23615 -0.89807
23.36101 1.45688
22.72864 -0.09799
22.16972 -0.98796
25.03220 0.34681
23.94443 0.58460
25.91223 2.01605
24.91975 1.14295
21.55505 -0.90102
24.87708 0.33528
23.24161 0.78367
20.29776 -0.45825
26.56965 0.36411
24.09491 1.10434
24.53724 0.11673
24.31839 1.21968
26.42319 -0.69689
24.66824 -2.01396
23.51834 -0.33513
25.01246 -0.89870
24.02663 -2.03529
27.00645 -1.48954
27.63225 -3.10158
23.03102 -1.03789
22.74021 2.24888
23.57748 -0.22770
26.77333 1.29274
22.42116 0.17332
21.86557 -1.35989
23.25174 -2.24868
24.55164 0.01896
26.17354 0.07894
25.34119 -0.00868
23.46418 0.99987
24.68593 0.29566
25.48010 -1.33290
24.46012 0.13625
22.12560 -1.09312
24.32869 1.52118
24.89762 -0.90148
25.40255 -1.72729
23.69004 0.92156
26.21792 2.05273
22.84137 1.52393
25.97101 0.69817
22.17258 0.34005
24.18378 -0.32878
21.90026 3.82359
25.02833 0.31247
24.45926 -1.21974
23.39129 0.27947
23.82502 0.67303
22.41707 0.59400
23.32570 1.41199
24.72304 0.87913
23.34491 -1.19796
26.17897 -1.01510
22.63979 -1.22870
26.96958 -0.17833
24.49962 -0.84830
24.68692 1.21160
24.76678 2.85999
22.13387 -3.13682
24.00604 0.57722
24.72783 0.90823
24.49583 0.35726
19.55620 2.10447
22.69428 -0.70243
23.49682 -3.01880
25.37752 -1.74401
22.87681 1.14870
25.02498 -1.20645
24.28534 1.53151
25.83146 -0.07881
25.31631 -0.92045
20.88905 0.04462
23.70122 0.90747
25.92765 -0.78498
23.12563 1.76686
23.52778 0.03335
23.15359 1.15356
24.30140 -1.73245
26.06511 1.89571
25.21329 1.27960
20.94996 -1.89740
21.49812 3.24844
23.47903 -0.61487
23.87290 1.80549
25.29436 0.72523
26.13895 -0.17235
26.22626 -0.44608
24.33122 -0.56287
23.42279 3.77737
21.02887 0.29469
21.63345 0.76166
22.09873 -0.68997
24.81142 -0.05115
21.25878 -1.16986
21.79355 0.37172
20.62150 -0.07772
21.18294 -1.79519
23.47200 -2.13599
20.08927 -0.30427
23.27502 -2.53524
24.03682 0.44162
23.47221 -2.62348
23.80411 -0.61225
25.75794 0.66588
26.54922 0.16992
21.89194 -1.01015
24.54031 1.76539
23.04053 1.24818
25.26196 1.66638
23.82784 -2.12247
24.99644 -0.51305
25.46459 -0.06378
23.16525 1.42721
24.85686 0.12501
25.95355 -0.82489
24.73708 -0.78946
24.42962 0.86641
23.54261 -1.35129
25.83982 0.35731
25.17444 -0.29609
24.09262 0.19754
23.35214 1.38348
24.86661 2.48796
25.23661 1.44762
24.92215 -2.63453
21.70803 -2.47008
23.28028 3.62282
25.10735 -0.40026
25.59483 -1.38597
21.00520 -2.03498
22.92069 -4.33767
20.81254 -0.48047
22.76003 0.44553
23.30800 0.89349
24.10399 -0.35621
21.25800 -1.00688
25.49284 -0.78519
24.47527 0.28865
24.65051 -1.12363
22.62486 0.52502
23.40235 -0.61671
23.03455 1.62782
24.58033 -0.56661
24.06335 0.27829
23.93802 -2.19665
25.46671 -0.22990
23.83892 -2.51779
22.82264 1.91154
22.86279 -0.81356
24.65443 0.07838
24.16412 0.46587
25.17280 -3.70811
23.74142 -0.87183
25.57611 -0.56014
22.40921 -0.11199
24.21657 -1.55301
23.92117 1.57560
25.73619 -1.99988
21.68913 -1.06624
23.08237 -1.83831
20.12318 0.69344
22.25337 -0.30481
19.70982 0.36604
24.79708 -1.36651
25.13374 -0.24391
29.17361 -0.56640
30.95127 1.23440
27.73060 0.88041
30.24336 -1.35539
30.44367 0.63626
28.43019 0.43040
31.65838 -1.79843
32.19011 0.39090
28.34726 -2.70824
30.81072 0.41210
27.73696 -1.42387
30.52721 -0.61925
30.25803 0.98340
30.36874 -0.28177
30.02987 -0.10634
30.09457 1.56458
32.17101 -1.17378
30.36315 -3.27577
34.32045 -3.36792
28.66968 1.26191
29.47810 0.18874
29.87940 -2.00782
30.55475 -0.43088
29.75505 -0.94002
27.91841 1.54736
31.37209 0.38308
32.20256 0.75937
32.09400 -0.06464
30.25498 0.02345
30.35248 0.68769
31.45406 2.67619
30.99343 2.07213
29.36126 1.07015
30.48721 1.27338
30.67589 0.62485
25.94610 3.58106
26.93579 -0.98621
29.43834 1.66176
30.68414 -0.67783
30.39333 -0.07872
31.82953 1.84449
27.90195 2.42089
29.97173 -1.23623
30.01419 0.21968
32.62505 -1.26655
31.30490 0.94205
31.21100 0.25178
30.49529 1.95714
29.95448 1.84506
26.88904 -3.45112
29.77928 -2.71466
30.72897 -0.51909
31.45125 -0.61089
31.67830 -2.65926
30.87171 -1.75519
31.93049 0.34676
28.34592 0.00942
28.71125 -1.77826
28.88981 -0.70982
28.61962 0.06613
29.81328 -0.78944
30.03774 -2.01488
30.07209 0.44135
29.56963 0.06679
28.04789 1.38948
30.40329 0.15589
28.58480 0.11190
27.89170 1.22785
29.43365 -2.22805
29.72442 -3.27236
30.00770 -0.16306
26.66543 -0.88490
27.97038 -1.33091
30.06989 2.43328
29.94170 -0.37796
31.41928 0.32392
29.87049 -0.29766
30.00627 -0.36900
31.02052 2.02524
28.86963 -0.19284
30.98964 0.42373
28.42364 -0.17071
29.50698 0.46838
30.61513 -3.59170
31.32211 -1.24064
32.63267 0.52674
30.78156 -1.30722
29.14528 0.16812
29.06211 2.07356
28.75020 0.67470
30.94139 -1.15548
29.51278 2.13976
28.27492 -1.94503
29.56153 -0.99378
30.00270 -1.08398
30.98532 -3.31495
29.05439 -1.09054
30.32622 -0.93083
29.49640 1.06367
29.27491 0.37756
31.30766 0.37564
28.87982 1.62375
29.52346 -0.74501
28.14277 -0.73356
28.30911 -2.24072
32.02827 -0.45367
31.79741 -1.68957
29.25785 1.08276
28.88069 0.48275
31.61981 1.39281
30.92782 0.56281
27.88657 0.90704
28.21201 1.20870
30.37998 0.61047
34.07371 0.20064
29.94029 0.53266
30.72649 1.82548
28.17478 1.17626
26.97412 0.75483
28.54474 2.52887
26.43806 -0.83055
28.97588 1.23634
29.57927 -3.10894
28.69393 3.13246
33.24530 -2.86465
30.25294 -1.20540
30.65146 -0.22961
28.51919 -2.92735
29.25420 1.03743
28.53453 3.31328
30.45019 -1.63382
29.10691 -2.22786
31.22400 0.15454
30.33584 -0.73560
30.43407 1.60724
31.75986 -1.31562
29.96117 1.77057
29.77607 -3.59662
29.46478 0.46023
30.84247 0.19957
30.70451 -0.34609
30.28240 2.21272
31.68786 -0.35387
31.06289 2.36186
29.36176 1.43864
30.73949 -1.28345
29.29173 1.47282
33.51837 -0.00907
30.68970 -0.44939
28.60125 -0.14374
29.05679 -1.40268
29.69062 -0.11049
29.14094 -0.89518
30.08489 -1.39738
28.02463 1.00099
30.31246 -0.65214
33.24241 0.44180
29.23401 0.19517
31.66926 0.64316
26.00403 -0.92608
30.73885 3.35191
29.05923 1.33510
28.21008 0.62733
30.75274 -1.14765
28.47800 -3.10555
27.62379 0.66135
30.11100 1.51113
31.84499 0.56869
30.24173 -0.31186
31.63425 1.06282
32.64560 -1.16745
30.80437 1.47089
30.55172 -0.04660
29.07798 -0.88984
29.34791 0.80222
30.44177 -2.17540
29.90999 -1.04746
30.65736 0.48034
30.13535 -1.51720
26.79548 -1.01310
29.47423 -0.86299
29.17123 -1.36973
27.26108 -0.49510
32.28374 1.94403
30.76886 0.23364
30.66810 -0.75880
29.42120 0.89221
28.26090 -1.93346
31.60263 1.20014
31.95578 -0.47141
31.34247 -2.09011
27.08264 1.91264
31.80653 -1.00324
29.29094 -0.77724
30.28699 -1.36467
30.97311 2.16667
26.56147 -0.88174
30.85017 1.13643
29.19263 0.85066
29.82505 3.03489
-2.45159 8.24001
-1.30754 10.62786
0.51643 11.60351
-1.68401 10.86931
2.25788 6.45180
1.43700 8.28948
1.85778 9.93661
0.38841 8.28974
1.20239 9.75812
0.36888 9.65816
0.32456 10.32717
0.97004 8.08850
0.30668 12.09929
-1.24530 11.81148
-2.30842 8.11570
2.45549 6.34657
1.78173 10.97892
0.47285 12.28203
-2.20119 11.62510
2.14643 8.64167
2.29722 12.77333
-0.74978 8.84934
0.27644 10.38381
-0.38651 10.28256
0.40680 8.88951
1.48488 11.40921
0.61563 8.38504
-2.63733 14.16537
-0.37765 9.96585
-0.68908 12.87931
0.21248 9.90635
0.33593 9.92477
-1.41639 9.08989
-0.48740 9.84659
-3.66116 8.12582
2.53013 8.79274
3.14079 10.70422
0.83313 11.14593
0.25454 9.59455
3.02896 9.77701
-0.82445 11.10502
-0.98263 10.39028
-1.30285 10.76848
-1.34812 10.40103
2.95737 11.24589
0.73256 9.14195
3.30439 6.65258
1.38504 9.89532
1.34037 11.41472
-0.55625 9.55587
2.68782 8.44081
1.02556 10.13289
0.11660 11.55240
0.64404 8.49210
0.08756 9.76391
0.30112 10.66977
-2.26661 7.64694
-0.83653 8.94809
1.79644 5.85488
0.84643 10.05960
-1.04789 9.71317
0.16154 9.40903
2.33075 8.82409
-1.18105 8.34670
-1.12724 10.09228
1.77631 10.21229
-0.29727 12.55214
-0.88484 9.11812
1.55689 12.67632
-1.81359 11.24970
-1.99214 6.95629
-1.91826 13.90317
0.00418 9.44011
-0.79821 8.36484
-0.64465 7.51610
-0.15001 10.80087
1.80842 10.71330
-1.04430 10.73724
-0.40760 10.16537
-0.53456 11.47247
-0.40964 9.55162
0.88483 13.35883
0.03446 9.07107
1.36520 8.47817
-0.00815 9.76037
-0.41965 11.64938
1.59694 11.11077
1.02788 7.85731
1.02643 11.98911
-0.95264 11.66361
-0.90268 11.20759
0.84255 10.56020
1.68189 8.06193
0.61388 8.88800
-0.07699 11.38958
-0.01816 10.98991
-1.12744 11.06034
2.68472 10.12923
2.99930 10.30406
1.38424 9.04253
1.03770 10.99345
-0.12993 9.75778
-0.51211 8.43788
-1.61636 8.98507
0.34150 11.09172
-0.05738 10.68973
-1.47223 9.60688
-0.89931 5.66288
-2.85251 12.29351
1.48790 7.55103
-1.72852 10.44240
-1.03045 9.02122
2.26329 9.28028
1.07099 8.26570
0.05283 8.70550
-0.93091 9.76490
1.31237 8.07578
3.11663 8.55483
-0.78817 8.57298
-2.61378 9.94638
-0.12096 7.94402
2.85985 9.69275
-1.77489 10.46806
1.22395 13.25949
0.18906 8.88733
-0.73040 12.22103
1.48805 9.25058
1.42895 10.04285
-1.38791 11.34206
0.15574 12.09699
1.58423 11.75925
1.51096 10.42266
0.21131 11.32504
1.09696 9.62568
-0.99094 8.56511
1.59766 12.88295
-0.74125 11.18181
-1.30122 10.04273
-0.59030 10.86044
-1.02519 9.09010
-2.18954 8.83005
1.91361 10.14238
-0.45129 9.56319
0.77357 12.43917
1.32021 8.47671
-2.31755 11.08554
-1.33729 6.67721
0.21268 8.79212
-0.36287 8.84442
-0.41487 10.71802
0.68711 11.57803
1.80834 9.97293
-1.86127 7.31561
-0.97556 11.08475
-0.88178 10.38946
-0.50965 10.46483
1.77490 11.71573
-0.37892 10.87053
-0.87279 8.99113
4.11879 11.06495
3.68002 12.14473
-0.88384 11.03455
-0.16386 8.83691
-0.40814 9.19599
-1.71328 12.09019
-0.55102 7.97598
-1.17310 9.54308
-2.08774 9.34498
-0.69980 9.49606
1.86029 7.59784
0.49984 10.81523
2.03706 8.59921
-0.63700 9.65988
4.25087 11.45812
0.52004 8.64417
-2.87842 9.13376
1.78053 10.05732
-1.25754 10.99680
-0.70748 8.73712
0.08060 9.94926
2.13423 13.40771
-0.88595 7.71990
-0.61728 10.19074
-3.85249 11.18739
-0.51227 7.08198
-1.16582 10.92904
-1.16881 9.58998
0.96804 10.41014
-0.89623 9.21575
0.03426 10.47314
0.87466 10.85546
-1.17497 10.19936
1.40046 9.84063
0.44941 10.39922
1.11237 11.11331
0.10976 9.71311
-0.63985 11.58089
0.50828 10.21084
0.80871 11.73365
2.65466 10.48549
7.54377 9.23465
6.36618 8.02981
5.29198 10.66364
5.06131 13.21068
8.99896 9.79027
9.67431 9.92216
8.31581 8.93339
3.95593 8.39457
5.86747 8.95079
8.93557 10.67794
6.79461 9.36357
7.40023 9.51099
6.42202 9.22583
7.40103 11.44237
3.88968 9.22501
6.22534 11.11758
6.29859 7.87874
4.23109 8.06563
5.64111 11.14970
3.73669 11.13566
7.02980 10.16556
5.70586 12.70796
6.46728 8.38034
6.33866 10.21336
8.48255 12.46011
5.54911 6.76303
7.37808 10.45335
5.70638 11.48924
6.43160 10.42814
6.55508 10.56237
6.41289 10.51580
7.71827 8.05412
6.05181 9.86127
4.13488 8.13603
2.88031 10.06838
7.27747 11.07872
5.30233 9.75393
8.60362 7.71755
4.58583 11.32145
4.21840 9.85481
5.74659 10.72077
6.69746 11.84172
6.26592 7.75130
6.14215 11.87099
3.39066 8.82597
6.95490 9.89883
6.73172 8.06411
5.57704 9.67533
6.46342 7.40964
5.61273 10.74643
7.13630 9.63695
7.44269 11.73747
4.97536 8.74169
6.13394 9.78393
4.51988 10.50011
6.24796 9.84105
9.36434 9.23454
6.26919 10.25538
6.77978 10.03723
2.79638 10.22874
7.72657 9.64951
5.10366 10.03161
7.49503 7.93665
4.59323 12.65007
4.96615 7.72521
7.72557 8.93309
6.06824 8.88928
5.67350 7.99123
5.57861 8.39812
4.54113 10.73747
4.02694 9.63554
6.57075 11.76554
5.57275 11.01978
6.82693 9.81276
5.50623 8.89103
7.19735 8.97422
6.57267 9.79530
5.67847 8.54255
6.84744 8.22364
6.23640 6.74960
6.95436 10.28084
5.37014 11.49821
4.58710 9.62759
8.25211 10.76468
5.00584 9.67023
6.19953 9.97807
6.32437 10.11011
5.49200 9.71344
5.73684 9.88712
4.18663 10.51669
8.39618 11.16369
9.53920 10.59536
6.21382 15.34793
6.09620 8.96893
5.93659 11.38622
6.33711 10.18533
10.92512 10.73021
4.63173 10.85502
4.62793 9.63471
5.99307 7.65365
5.91387 11.81891
4.33846 9.85055
4.57880 10.01270
7.75272 10.55950
6.32860 9.12869
6.45415 11.59717
5.77700 7.70689
7.96598 8.19384
5.65419 9.15444
5.46665 10.80078
6.08447 10.43883
8.80886 11.15736
6.23352 11.94216
6.17101 7.51492
5.11472 10.51905
4.66943 8.61408
4.90905 8.70787
6.16571 10.40088
5.38887 6.64073
6.83586 9.06335
7.46825 7.23194
4.54496 9.47236
6.94610 9.81032
5.90865 10.26497
3.32402 10.74218
9.08621 10.34842
4.80842 12.20752
6.67722 7.73562
8.45039 8.66674
5.24105 9.58254
1.98729 9.91792
6.93663 12.14777
8.61576 8.14573
2.89407 10.66847
7.55718 9.17073
4.03830 10.77942
5.58603 7.87637
4.54018 12.83036
6.00240 10.14966
4.86237 8.07685
6.42674 10.26160
5.09967 10.15962
4.95805 10.19431
6.98933 11.10564
5.80219 10.38641
6.45776 8.86654
4.27914 10.14444
8.79856 11.27285
4.99602 10.24728
4.58642 10.14353
6.06097 11.58348
4.61620 9.94156
4.86386 10.62505
4.56699 9.58435
6.64936 11.28020
6.05367 10.43398
3.22691 8.95868
5.07089 9.37342
6.21007 12.45884
7.40902 9.34993
8.37047 10.09890
8.51387 12.18485
5.45831 12.29032
3.43960 9.53900
5.58964 10.27617
5.06749 10.56072
6.93513 8.81355
8.19296 7.85160
3.60428 9.56568
9.64229 10.97200
8.38857 11.85756
8.11938 8.78601
5.87726 8.24578
6.03156 9.38444
4.80658 11.17116
5.65307 6.39337
4.81511 11.06128
8.98800 8.37167
6.84044 7.55722
7.18794 9.45523
3.34879 9.66924
6.36328 8.59498
7.34913 8.71046
7.23993 8.32706
6.24160 7.91459
7.89038 11.84171
5.68526 9.69270
3.58339 9.64383
4.57489 10.31724
7.64473 9.47671
2.94134 10.98114
6.88056 8.46019
2.66725 8.88336
6.62896 9.21087
5.62565 9.48702
6.71383 9.54993
5.32859 10.56253
5.79484 8.72172
4.86418 10.78308
7.87919 11.09259
12.40261 8.60674
12.49939 10.90597
14.19260 7.98714
14.35595 11.34935
13.83065 8.98989
9.33220 9.28216
11.38966 8.00237
12.00180 8.75538
12.87803 10.87342
10.65703 10.37213
13.85827 10.39996
10.59403 10.51841
13.13158 9.04568
12.28073 8.90863
12.34900 7.73778
13.63347 8.43394
14.60297 9.58580
12.38176 12.04277
12.37776 8.87032
11.76830 11.89339
14.08574 8.75771
13.19947 8.43599
6.89767 9.35697
11.34280 6.51030
11.76852 10.34460
15.72796 9.34135
13.77978 11.45780
10.91743 9.66139
10.02930 11.44402
9.23035 9.51944
14.84319 7.24980
11.26739 8.82177
13.45296 11.32476
10.58264 10.59210
10.14881 11.06797
10.12007 8.76668
12.12052 10.52595
10.32094 9.31877
12.22832 11.00265
11.90800 8.71082
12.07471 12.83995
14.55614 10.28629
12.22308 13.07613
14.42131 9.69534
11.83944 8.71734
9.23389 12.69423
9.71181 11.37540
9.96294 9.28350
12.44060 9.37864
12.91510 7.89717
9.55827 12.21212
12.45976 10.24824
11.13442 9.62184
13.47018 10.34625
11.37579 9.50374
12.66481 11.43756
13.94693 12.67272
12.95458 7.54320
12.71768 8.47340
11.33123 9.43246
13.84412 12.02719
12.75079 9.56075
14.08214 10.71261
13.46131 9.72248
10.53186 12.03068
13.85653 9.61601
9.56585 11.41404
11.49002 10.28194
11.42079 12.63305
13.30515 10.45127
12.32530 10.86484
10.05495 11.07138
13.53430 10.34235
10.93382 8.06879
12.14816 9.45863
11.58577 12.07410
12.67475 10.73386
11.91720 10.52625
10.25031 10.12948
14.16893 10.68974
8.71035 8.52940
12.38662 9.68257
12.22648 10.26572
10.16838 13.08596
13.30995 8.26106
12.80273 10.56856
11.87059 10.34225
14.13360 7.35634
10.66845 11.38690
10.73116 10.12345
12.72025 10.95336
11.22904 9.65078
12.97423 13.92845
11.95912 10.06093
10.68809 7.48930
12.10027 9.22238
12.14725 11.15654
8.99398 8.25825
12.81498 11.12045
13.90014 9.95505
11.02925 10.99255
15.56607 11.91345
10.33719 11.97120
14.73974 9.23058
10.93587 9.86561
11.68403 9.83896
11.42348 7.26371
12.74943 11.37555
12.44350 10.72389
13.12758 10.39997
10.86404 11.47038
11.14012 11.66631
9.62135 9.58271
13.54273 11.38196
10.28191 11.96619
11.54616 9.71484
12.17180 7.56394
11.18669 10.59719
14.22418 11.56891
11.31093 7.54259
12.72900 8.67451
11.69443 9.33892
11.16940 7.35138
11.54844 8.95731
13.35133 9.29565
12.83148 8.81426
12.28745 8.24159
11.19041 9.83520
9.82907 9.69296
12.70121 9.08292
14.13035 11.55072
10.19300 11.90878
9.88327 8.71524
13.59157 8.01090
14.60787 9.88491
14.74731 11.83111
12.14869 12.43472
12.21387 8.43511
10.96869 9.06626
13.74566 7.54927
14.63452 9.05690
10.94796 9.69154
12.39578 10.73931
12.25042 11.01838
13.10795 8.50506
13.81482 12.24216
11.64385 10.86489
12.77460 10.96619
13.22420 11.60634
10.83228 10.33580
13.23667 11.25685
12.31876 10.27583
12.35694 10.52142
9.83101 9.50915
11.99778 10.59855
11.18020 8.29444
13.66291 8.22032
8.97334 11.13288
13.55521 9.14154
10.31773 10.62103
10.53596 9.12819
11.38366 13.29153
8.36986 7.30190
13.10021 11.72474
11.09750 10.27311
11.48481 8.48836
10.17823 10.12047
12.21024 8.59251
9.62373 11.43177
13.17913 9.80398
11.10847 8.79131
10.73267 10.80905
12.32821 11.12060
13.90515 5.94537
11.15707 7.99061
12.14767 10.98194
11.25970 8.43963
11.54354 10.91333
9.04264 10.09525
11.45809 10.74807
11.01987 10.66074
11.70418 8.53249
14.74656 9.06401
10.93125 9.57482
12.09207 9.96339
10.99952 11.67082
10.32635 6.90565
11.73650 9.37629
14.66949 9.79110
11.65932 10.27454
14.72924 9.76479
12.85704 10.25156
12.89443 9.96885
11.43483 11.77160
9.19287 7.93106
11.36070 11.81054
10.71368 8.24117
12.14581 8.59984
13.44585 9.67375
10.40605 8.80417
16.30658 10.61700
18.03620 9.01562
19.02130 10.71395
21.30123 10.58115
20.31784 9.91730
15.21238 9.59258
16.96894 10.04365
18.77898 10.50490
18.52471 9.66156
16.53425 9.95242
19.25208 10.56300
19.41761 8.85874
19.37598 10.09851
18.05571 10.62018
17.57876 8.61211
19.22613 10.50200
20.04210 8.22435
19.58439 9.44640
17.01204 8.69960
18.17993 10.87344
18.61314 11.50370
18.31969 7.62800
16.19824 9.78092
17.74245 11.57295
15.49660 11.45513
16.95294 11.69299
20.09792 8.79025
14.87463 9.14637
15.21047 8.24913
18.20116 10.18028
14.28703 11.37470
20.75203 6.62672
12.92421 7.45001
17.36765 8.16292
19.09572 10.77913
21.16436 11.13195
18.71926 10.43508
17.82549 10.10933
20.10452 12.00948
17.36489 12.69384
17.72299 13.22407
19.52718 8.29580
21.26907 10.79945
20.55142 9.78289
19.40649 7.23030
18.70571 10.39633
18.06436 10.03982
18.19345 10.74680
19.07904 10.60992
18.92428 11.06886
18.40292 7.94723
20.32574 7.51690
16.93378 10.49738
17.53452 10.12544
16.25092 11.06297
18.20201 7.89998
13.93547 10.66595
16.06655 9.83909
15.44617 9.53623
19.59232 7.92212
18.07148 10.87588
19.19515 6.72811
17.42445 10.81947
19.14570 9.68002
18.41528 8.90041
17.39995 12.02513
17.46175 13.03923
13.74144 9.28678
16.88349 10.54764
17.03040 9.26501
18.12975 6.66014
18.87436 9.91375
20.46276 10.08670
18.87905 9.32415
17.35669 11.34292
16.38424 10.21359
17.62061 9.03800
20.49499 8.83119
18.80087 11.40435
18.59909 11.12107
20.72478 7.40524
17.53700 12.48328
16.43793 12.72313
18.22887 11.61564
19.50182 9.57809
17.42451 10.50870
16.68719 11.98266
17.74410 9.45562
19.62099 9.65189
17.75309 6.87222
17.42582 10.04161
18.69936 12.04086
18.21218 9.00299
18.97475 10.04232
15.74460 10.04132
19.46011 9.14836
19.78786 10.46272
17.81898 10.12060
17.33337 11.06878
15.64194 8.59350
19.02290 10.95751
19.08086 10.35971
18.44815 10.47865
15.53543 8.95683
16.09979 9.75247
16.98981 12.88041
17.67859 9.30682
18.52233 11.67844
17.25380 8.22565
20.78831 13.37553
16.41041 9.20751
15.07145 11.15445
17.18691 9.33952
15.49700 9.81420
17.66679 8.53976
15.09998 11.99058
16.61710 7.96271
16.42662 11.77592
18.75567 10.19663
16.93574 8.94117
19.18874 8.50121
17.19503 9.12935
17.99772 11.88278
21.37282 7.16979
16.97125 10.33927
18.77322 11.49720
19.61422 12.54342
18.23737 9.50685
16.51235 14.17738
19.53121 11.04281
16.75099 6.75566
18.60877 10.51726
20.50699 7.52468
18.75928 9.22546
16.82593 9.92720
15.95208 10.24227
18.09543 11.84268
17.21573 9.78264
17.92857 10.90746
16.76917 10.14327
16.21759 8.89944
18.80506 12.33499
17.40620 13.37357
15.28849 14.34871
18.03542 12.79081
18.54724 8.01885
17.44043 11.70382
18.21643 11.00501
16.08443 8.30773
20.78630 12.43611
18.93806 10.27788
21.47675 9.83487
16.63221 10.33468
17.95031 8.15163
18.14309 10.17467
20.15303 10.58847
18.27468 10.40116
18.32348 10.41707
16.66853 9.36340
15.80262 7.59872
16.02359 8.03917
17.35122 10.51607
18.84794 7.90711
16.73508 11.67958
16.24488 11.81730
20.45115 10.42390
17.75538 11.00100
17.94099 9.41201
20.07593 10.29679
19.31983 10.45737
16.32407 9.25588
17.98728 7.57909
18.48390 6.59499
15.90827 11.06337
17.55311 5.32353
20.58022 8.00722
19.27822 12.22226
18.98936 9.64950
19.24848 12.04020
17.96927 10.00858
15.29463 8.67246
17.56498 11.24216
16.51862 7.19362
17.30855 10.77218
18.29716 8.69225
13.73760 9.53578
16.74587 10.62288
19.52393 10.32954
16.96482 10.47484
17.13035 8.70850
21.76177 11.31121
19.48548 11.50490
19.03237 11.31327
18.04551 11.85856
16.97319 13.96945
17.35196 11.27511
16.44833 8.25376
17.95668 10.73114
20.08786 11.34344
18.80553 11.86873
26.05693 10.92778
24.35485 9.38940
24.55604 12.05574
23.37405 9.64905
24.63491 9.65494
21.23634 11.74144
27.14399 11.84572
21.48260 11.38612
21.11956 10.91074
24.58061 9.43187
24.06365 11.92198
22.33052 8.22551
26.55782 9.39722
24.08227 10.29359
24.61075 7.99226
25.92364 11.54389
24.50069 9.09808
25.31911 11.50821
22.09117 9.68981
24.31200 9.17792
26.24531 9.39954
25.55247 8.90789
25.65604 9.78854
24.76395 9.47045
24.83452 7.57211
23.14015 11.90147
23.31752 12.70311
21.36160 15.16560
25.40651 9.67859
25.99584 10.48258
24.55064 7.35055
23.71546 8.45217
23.27686 9.36945
25.46855 9.60891
22.80484 10.31646
24.79982 10.85840
26.18447 10.36785
19.99658 8.73544
23.83991 10.08889
22.83992 9.44348
22.47648 7.28056
24.10947 9.38534
24.86244 7.04190
24.49646 11.15044
27.47182 8.20335
25.20530 13.76748
25.82758 8.15180
22.71293 10.64240
23.28466 10.75239
22.06229 6.92406
23.39749 9.47562
21.42469 9.10931
26.65274 8.70065
23.26207 10.05560
24.20973 8.63332
24.71820 10.32344
24.95032 9.16792
25.20887 10.41396
24.20893 12.32912
21.33958 9.34599
24.05140 11.57480
21.03414 13.24661
22.59709 9.22350
24.05558 10.68373
21.66141 7.39462
23.85271 9.64266
24.61160 12.76914
22.90168 10.73584
23.35867 8.76078
23.41904 9.26138
24.67044 9.72440
22.57397 9.68927
24.73417 8.52852
26.26786 8.03444
23.77747 10.32985
21.48556 9.20524
24.83014 12.43576
25.99426 12.72350
25.22732 10.35247
23.80255 9.19957
24.62008 8.17904
22.59302 10.76521
25.80397 9.30849
22.29615 8.23313
24.39920 12.54756
22.30884 10.48552
24.09642 11.72570
27.11104 8.57573
20.39277 10.84612
25.41561 13.33982
24.04229 7.66001
22.08575 7.42228
22.99119 7.86079
26.87136 10.98833
23.31399 10.35432
26.83949 8.01999
24.10867 9.57577
27.31369 12.82135
23.29375 12.35080
25.98275 10.10504
22.75759 10.41198
24.08159 9.11602
23.79326 11.14087
22.60658 9.85490
23.43034 6.09994
23.88642 9.53059
23.61192 9.60411
28.30717 9.37006
24.29257 13.21843
22.41680 6.78833
24.08213 11.17940
23.42841 9.42974
23.47718 11.36842
24.70901 9.07204
24.35359 8.60719
23.17105 9.45041
23.50602 10.48873
25.61732 9.63210
27.85656 11.58796
24.50485 10.31191
22.52092 10.14259
26.12945 10.03550
21.70124 12.30600
23.75157 8.80939
25.84839 10.89816
23.55378 10.18341
25.48914 10.00733
23.90794 8.30079
24.35107 9.25230
24.35987 9.75282
25.04162 12.40951
22.16843 8.34901
24.42014 10.00636
24.71706 7.35987
21.97972 10.17883
25.39901 8.29332
23.05485 9.51484
22.08527 9.25292
23.82758 11.08633
23.29515 7.39820
20.94457 9.40328
27.75172 7.43647
22.40856 10.64778
22.38690 8.93520
24.02568 10.26701
25.01530 11.28017
23.77179 9.75184
26.32204 9.45614
24.43109 13.27283
25.30005 8.39931
21.96488 11.92045
25.40376 10.72092
22.51170 10.21312
24.94272 11.04274
23.40077 6.87252
23.40133 9.38746
26.78834 8.53650
23.71769 11.22778
26.57173 11.21177
23.19412 12.09485
23.98202 11.61149
24.73454 10.38073
23.48323 9.75850
22.62765 11.94413
24.17829 12.74085
22.90352 11.09271
23.59418 7.71125
24.28044 9.28845
23.47701 9.55256
24.82883 9.33957
24.56722 8.40596
25.70640 9.64725
22.47375 10.56311
22.90842 9.55380
24.79364 10.15283
24.70367 10.40642
20.77886 9.63188
25.10807 10.63753
25.47358 11.57914
24.64819 10.95168
22.82948 10.53384
23.64042 11.23753
24.03626 11.22922
23.12936 8.51164
23.47323 11.60730
22.72890 11.54610
25.15218 7.34458
25.25953 9.43860
25.32195 11.18924
22.59726 10.85164
20.46127 7.99158
23.67429 10.37289
23.69233 6.67719
21.29041 9.83021
21.55423 9.44586
24.79653 9.64732
23.16511 8.89365
23.43946 8.31389
22.15848 8.64977
24.16864 11.28077
29.16252 10.74803
31.06447 9.04222
31.14221 9.85214
28.26262 10.13928
31.67072 6.72555
31.84712 8.63680
32.52177 9.43139
30.43285 10.44009
30.01063 11.52648
27.31264 9.66618
28.33340 8.96041
27.94961 7.46536
31.42904 8.33956
27.88894 10.18988
27.72882 12.20171
32.79549 9.48412
27.54190 10.88060
30.55321 12.85673
29.62484 8.61632
28.89013 10.41395
29.80585 8.22599
31.73205 8.70321
29.74230 10.96978
30.58715 10.56447
30.54216 9.40183
31.49577 7.89769
29.88096 8.17806
29.29033 10.09593
32.16779 10.86696
29.48614 10.31621
31.65733 10.16577
32.01294 10.46740
28.71578 8.55068
29.89757 11.06211
32.58798 10.55771
28.50970 11.99454
31.25454 9.34797
31.94839 9.01510
34.63181 9.00639
29.69532 11.31493
30.14927 8.74638
27.57736 10.47216
28.95832 11.64324
32.76614 11.14328
30.92813 10.05239
30.60471 6.93796
29.82308 10.39111
26.68835 9.08777
29.22139 7.99778
33.42422 8.83473
30.42664 9.11236
31.77504 9.62897
29.97479 11.59531
31.81100 9.35521
28.16808 9.36347
30.62442 9.39974
31.27608 11.71871
31.88849 9.34848
29.86602 10.79617
29.89453 9.77724
29.64273 9.97815
30.85021 8.48430
28.65102 11.17239
28.63283 11.34875
30.15867 9.96835
30.19111 10.95215
29.49462 10.29384
28.85083 7.39109
27.89023 8.15222
31.49427 12.68927
30.32208 10.32109
27.46407 13.76065
29.49602 10.69046
28.67636 9.04168
31.15370 8.20925
34.10189 10.53682
30.41702 10.59658
27.82630 13.82277
30.67872 11.99385
27.50626 12.49337
30.93599 7.36083
29.43885 12.26951
28.67808 12.49886
27.76255 7.10807
29.27646 6.79848
31.74362 9.47819
29.94273 10.38551
30.09194 11.55178
28.21596 7.99283
30.42367 8.08403
26.15603 11.41359
26.52240 9.99972
29.31156 9.10738
30.85235 9.01868
30.72475 11.48110
31.14719 8.72439
27.96280 11.28932
30.10251 8.31117
28.51407 12.60473
30.77784 11.12320
28.28469 11.05986
29.68049 8.67520
31.26725 9.40992
29.57408 8.01265
32.17052 10.22487
29.59585 10.92155
27.29506 7.64483
28.76345 8.47017
30.18543 8.45045
29.28548 11.27839
29.42978 8.56851
29.76087 11.51994
28.49293 10.94840
27.51240 9.28129
30.11480 10.28129
27.11245 10.52207
29.35103 8.41431
31.24012 6.16084
26.92792 12.67753
30.85230 8.99619
29.90028 12.62149
30.61369 11.67334
28.42408 9.08224
30.20453 7.82144
30.13855 11.29089
30.32199 8.62069
31.06742 11.76054
29.81735 9.82486
28.87327 9.46876
29.32450 9.33483
29.48710 13.31464
27.38106 10.39901
30.35651 11.58154
30.02543 12.03640
28.64985 10.53345
32.65434 10.92013
28.64240 11.12796
30.35711 7.95698
28.70513 9.89092
30.41834 10.61542
28.53402 8.36069
28.56622 9.80484
31.34925 8.01541
30.38821 14.31050
30.65642 10.43879
30.34627 8.06241
28.30942 9.77974
31.22005 9.32857
28.75138 10.13414
29.56059 10.53658
30.43682 9.94127
28.73767 11.18752
27.31424 9.48724
27.65537 7.17228
30.29943 11.91784
29.64921 12.49491
30.97602 8.32257
33.13047 8.50161
27.78156 8.34028
29.92973 9.45448
29.32237 10.20326
31.84628 7.14059
28.23078 9.52010
30.89406 9.97371
31.49911 10.25032
29.08747 11.98551
30.08369 9.30757
30.61636 11.03817
31.42437 11.75279
28.92207 9.86424
31.12914 10.25224
29.29489 10.92565
27.43596 8.44282
28.64930 9.10360
30.60313 9.77042
29.54720 7.78030
28.66139 9.67576
28.07137 9.85367
27.50203 10.92914
29.50836 11.36791
31.90398 8.86181
29.81306 12.37447
28.18428 10.30252
31.94181 10.02596
31.56475 9.81120
30.88509 10.55913
29.13664 9.31692
31.53204 10.44129
29.56498 11.88587
27.43128 9.18564
29.56100 11.31260
26.68315 9.06484
30.98249 10.83723
30.15283 8.57793
30.47402 10.09919
29.36732 9.43009
31.05543 10.15586
31.08783 11.19233
29.44302 7.12740
30.51185 9.10686
