0.79670 0.41548
-0.04163 0.76101
0.03977 -0.49565
-0.40011 0.22317
0.01713 0.33402
-0.61702 0.58517
-0.82916 1.33830
0.40907 -1.19824
-0.43437 -1.54890
1.26201 0.52391
-0.31825 -0.22816
0.83607 -0.11313
0.63227 2.20717
0.25833 0.29663
0.53410 -1.79725
-1.01474 -2.81109
0.92030 -1.16921
-0.10017 -0.70203
-0.99947 -0.73428
0.26446 0.64742
-1.19492 -2.75737
-0.14375 -0.05931
0.59442 0.12735
-1.69442 -0.29134
1.02070 0.23961
-0.08309 -1.58940
-0.44865 0.58906
-0.68941 -1.15513
0.94960 2.52140
1.09172 0.85770
-0.37641 0.97209
0.33069 0.97592
0.25719 0.15726
-0.18334 2.39392
-0.35403 -0.56396
1.73705 0.89286
1.76205 0.98867
1.01768 0.00999
-0.48712 1.43679
0.46193 -0.18543
-0.85082 -0.44063
-0.08533 -1.41675
1.31992 -0.19310
-1.87257 -0.60290
0.13209 -1.33972
-0.72410 0.57313
1.32433 -0.60976
-0.88004 1.60346
0.56190 0.69910
1.39339 0.46473
1.02628 -0.88609
-1.62427 -1.11536
1.01634 0.90241
0.81482 0.08584
-1.45679 -1.20050
-0.36002 -0.04022
-0.50699 0.42557
0.53296 -0.45230
1.75384 -0.93496
1.60850 1.63213
0.79645 1.57296
-0.84665 -1.00679
-0.10332 -1.29573
-0.33120 -0.03320
-1.15972 0.31591
0.74719 0.46332
0.73633 0.05498
-1.73662 -1.62258
-1.07788 1.25931
0.65079 0.56902
0.64546 0.48242
0.77990 0.72554
-1.00208 -0.11850
-1.40299 -0.52512
1.05436 -1.14718
-1.86972 1.50107
-0.74602 -0.89016
0.92835 -2.40763
0.20718 1.20643
0.38987 -0.62892
0.99609 0.55526
0.43003 -2.23619
-0.27299 -0.37857
0.80571 -0.02286
0.37851 0.34127
-0.73216 0.77303
0.20434 0.42569
0.40963 0.71550
0.27345 -1.09460
-0.37981 -0.58188
1.56885 0.46598
1.85541 -0.64098
0.88871 -0.95195
0.09203 0.07913
0.46713 -0.45789
-0.38420 -0.04289
0.15551 -0.46166
1.55798 -0.19625
1.32238 0.66306
0.23161 1.11048
-0.42753 0.74472
-0.30023 -0.84598
-1.06905 0.90881
1.41879 0.35772
-0.33574 0.58072
0.82755 0.00545
-1.55291 0.41434
0.97142 1.17047
-0.21615 -1.56559
-0.14674 0.25187
0.87396 -0.64846
-2.05374 1.28994
-1.27852 0.32635
-0.76803 0.19484
2.03785 -0.32906
-0.29326 0.20616
-1.32424 1.12611
0.58647 -1.68957
-0.58573 -0.63572
-0.32290 -0.25899
0.64366 -2.16942
-1.56789 0.48820
1.08969 -0.66788
0.35819 -0.69315
-3.04279 0.64374
0.47211 0.87843
-0.50298 0.07179
-0.28152 0.27645
0.13715 1.31797
0.24119 0.26704
-0.86876 -2.24400
0.46910 0.98067
-0.16846 -0.32984
-0.04051 -1.17101
0.45282 -0.56750
0.39745 -0.49029
-0.14387 -0.63650
-0.22390 -1.10349
-0.01710 -0.81690
-0.70167 -0.37501
0.50904 0.57852
-2.09902 1.08891
-0.57594 -1.14159
-0.10059 1.13254
-0.29232 0.02816
-1.07919 1.50985
-0.22395 0.78051
-0.38667 1.03124
0.43799 -0.85411
0.59021 -0.96160
1.76342 -0.03143
-2.14638 1.75264
1.49997 1.22343
-2.25883 0.54853
0.13493 -0.78014
0.13172 -0.44752
-2.00289 1.71784
1.51777 0.34552
-0.02580 -0.46729
-0.20977 -1.77256
1.25241 0.33422
0.73177 0.47397
-0.09975 -1.25347
-1.05206 -0.34433
1.01798 0.11681
-1.66797 0.69012
-0.40589 0.29576
-1.48297 0.73227
-0.06451 -1.26949
0.96920 0.18518
0.04145 1.73499
0.14004 0.60728
1.51734 0.12897
0.41679 -0.47535
-1.56501 -0.06918
1.63009 0.56651
1.44249 -0.79229
0.17171 1.08572
1.72723 0.18834
1.34088 0.31774
-1.19992 1.49539
0.45779 1.04629
-0.40239 -0.07680
0.84541 -0.31522
-0.25407 -1.84554
0.33878 -1.50310
-0.22238 -0.16291
0.47277 -0.36311
0.96801 0.08348
0.50248 0.27398
0.55966 -1.25581
1.06612 -0.39636
0.33909 1.29944
1.38795 0.54040
0.80408 0.05646
0.36891 -0.30735
1.24952 0.20524
1.45133 0.11655
1.25748 0.14711
0.25142 -1.12530
1.63055 0.25699
2.05584 -1.26341
0.61911 1.83020
2.11645 -0.52441
2.47227 -0.70226
1.23328 -0.57625
3.48567 1.46261
1.74564 -0.42115
2.90322 -1.17440
1.51446 1.83160
3.23312 -1.41427
3.56411 0.51489
1.13926 -0.69071
2.28382 -0.58273
3.49561 2.08875
2.23079 0.59557
2.14427 -0.64918
1.33568 -0.74097
1.41877 -0.51284
3.81979 0.19145
2.94275 -0.09190
0.96597 0.56046
3.83738 -1.01937
0.89943 0.79919
1.20804 -2.49897
4.30730 -0.56841
1.52037 1.21877
4.51582 1.58750
2.17437 0.38890
-0.06455 1.69395
2.01838 -0.79853
1.11842 1.06894
2.89852 1.40068
3.09311 1.01332
2.30169 -1.16084
1.42984 1.90324
1.13526 0.21816
2.77818 0.06497
2.06545 0.64959
2.24436 0.07027
2.21699 -0.09237
0.44373 0.07049
3.19101 -0.71882
0.15985 -0.43707
3.90722 -1.81102
1.31233 0.23468
1.42406 -0.15220
1.28056 -0.82736
2.77954 -0.63099
2.57290 0.49414
1.96554 -0.93942
2.28403 -0.51700
2.59253 -0.23428
2.83732 -0.82396
1.15368 1.78804
2.84026 -0.54499
1.38679 -0.27371
1.53724 0.05568
4.28481 -0.64188
2.20771 1.00707
1.97980 -0.84762
1.21460 1.24661
1.18485 0.26423
0.51353 -0.53927
2.70640 0.51382
2.43770 -2.10961
2.19572 -0.14871
1.72441 -0.62727
0.64949 0.06644
3.40548 -0.33075
1.81481 -0.27027
3.49101 -0.22713
2.28870 -1.29014
2.30223 -0.32121
0.75322 2.33086
1.97030 -0.94454
0.93444 0.11026
2.59436 -0.81900
1.39917 1.71855
-0.12756 0.68531
2.74408 -2.58383
1.39019 0.79234
0.34281 -0.97080
2.88243 -0.53950
2.63371 -1.62110
2.18923 1.05060
2.03232 0.14106
0.55148 0.14977
1.67533 1.45656
2.04234 -2.56042
4.81194 1.41290
2.29643 -1.78964
1.82882 0.64682
0.60032 -1.83759
1.20701 0.94220
0.65060 -0.06632
1.60041 1.08884
1.58468 0.76544
0.70175 0.08057
0.01474 0.22688
1.84170 -0.64152
1.73720 -0.26749
1.51174 0.49017
2.00046 0.99167
2.52173 -0.23408
1.53585 -0.55671
3.16786 0.00895
1.10042 -0.05627
2.57944 -0.11995
3.17465 1.13323
2.88609 0.33529
1.78804 1.16707
2.42534 0.72184
4.06801 -1.41588
2.82557 -0.45919
1.88408 -0.66693
1.07749 -0.58186
0.92562 -1.48172
1.26129 -1.36074
1.31564 0.26536
0.98699 2.64783
3.44036 -0.31708
2.27826 -1.24988
0.87717 -0.83902
0.88885 1.49234
1.15199 -0.12879
3.10108 0.09155
2.73202 0.13118
3.16102 -1.16813
2.70101 -0.75800
2.24945 -0.30133
2.49388 1.69535
-0.01154 -0.11494
1.95828 0.75732
0.58928 0.61841
1.12868 -0.68426
3.15973 -0.79032
1.77711 0.47583
3.11322 0.21341
2.40283 -0.41103
2.21086 -0.82031
2.94459 0.35764
2.64998 -0.55100
1.02356 0.24108
2.04860 -0.63596
2.30547 -0.16791
4.28684 -0.22890
2.95714 0.96805
2.21359 -0.85375
2.22695 -0.48876
0.84831 -2.79572
1.99259 -0.62530
2.43261 1.08220
0.25927 0.11321
-0.84638 1.55653
1.23845 -1.47966
3.06730 -0.43925
2.62427 -0.50034
2.74560 -0.92884
1.99316 1.10811
1.26423 0.42842
1.30087 0.65533
2.64937 0.29007
1.51238 -0.79270
1.56020 0.25328
3.96512 0.97332
1.97175 -0.82063
2.95291 -0.43264
1.57297 0.78991
0.56265 -1.18769
1.71840 -1.21728
2.55882 -1.55161
3.99753 -0.82375
2.39408 1.05305
1.35621 0.63698
3.03810 0.33717
1.96697 -0.61715
1.01159 -1.01549
2.68050 -1.25890
0.43999 -0.55867
2.05991 -1.40983
3.28899 -1.62124
2.54054 1.31056
2.62694 -0.39423
2.28753 0.87510
1.84709 0.49209
0.27624 -0.06476
1.23272 1.68297
1.46050 -1.28851
3.61401 -1.58729
2.90115 -0.26786
2.00506 -1.10184
1.12823 0.20089
1.21990 -0.50510
1.39826 -1.99036
0.31027 -0.64432
2.59529 -0.98809
1.60623 -0.31233
1.82856 -0.04247
1.35522 -1.91526
3.48604 0.50358
5.05433 -3.00503
4.57853 0.20406
3.99260 0.24261
2.16272 -0.69706
3.10560 0.92805
5.30375 -1.21373
4.01223 1.82329
5.16470 -1.95363
4.26243 -0.16487
4.52958 0.30068
4.69760 0.11076
4.66647 0.88230
3.92894 1.30988
4.90209 0.89459
4.37346 0.81315
3.12051 -0.45241
4.06195 -0.72816
4.81538 0.30030
5.36188 3.15124
5.14583 0.73982
4.61212 0.79263
4.50436 0.90071
3.17115 -1.37740
1.93112 1.54845
5.04491 -1.45757
4.62938 -0.90518
4.46785 -1.71535
4.36192 1.29555
3.17866 1.05002
1.46974 0.45016
4.28109 -0.90976
3.77617 -1.05399
4.09643 -1.45687
4.75027 -0.80894
3.39357 -0.12213
3.24966 -0.15583
4.19763 0.41902
5.01692 1.05192
3.23974 -1.42449
4.98284 0.00264
3.83324 1.76816
3.25587 -0.70409
4.04767 0.31726
3.33308 0.56982
3.53256 -0.81207
3.89727 -1.00389
4.52453 0.53098
4.59732 0.26415
6.23231 0.86861
5.04045 -0.14183
3.04340 0.37814
3.82917 -0.39642
4.01353 -0.74428
2.91734 0.59477
4.20862 1.18077
2.17818 1.09371
4.64546 -0.81185
4.46582 -1.48368
4.29911 0.89886
2.90478 0.02949
3.75256 -0.42954
4.27279 0.54424
5.61215 -0.10934
5.73147 -0.63519
2.89598 -0.27210
3.59349 0.36163
2.28778 0.66885
2.92382 -0.11040
3.80263 -1.45205
5.33209 -0.36124
4.07648 -1.02714
5.49904 -0.09087
2.97234 0.53422
5.00757 -0.20158
3.65322 -0.26192
5.82300 0.38754
4.21940 -0.05369
6.28565 0.05145
3.99483 -1.29489
3.28060 -0.45345
3.22463 -0.60230
4.02004 2.16247
2.92118 0.39025
3.85541 1.17205
3.28811 0.25389
3.72438 -0.80866
3.81201 0.66502
3.49935 0.22609
5.26956 1.20693
4.36962 0.26131
4.08642 -0.85231
5.72190 1.24193
5.49638 1.14634
5.19255 -0.07971
3.86195 -0.51338
5.76583 -1.62128
4.58688 -0.15009
3.12355 0.52451
3.54918 -1.28404
3.86270 -0.47905
4.01302 -0.23396
5.34873 -0.07143
4.12999 -0.07293
3.32908 0.86842
4.21417 -0.49667
4.11324 -0.50086
3.44597 -1.91723
3.07390 0.36076
3.18658 0.41803
2.98081 -0.40030
3.49388 -0.76052
2.45432 0.77464
3.06426 0.47099
3.85570 -0.31663
3.18163 -0.23756
5.58186 -0.27901
2.97418 -0.02704
4.31024 0.25398
4.57499 -0.00212
2.85733 -0.06007
4.29404 0.15257
4.92369 -0.04091
2.21987 -0.43630
4.96718 -1.14832
3.82824 0.70995
4.41686 -0.37031
4.12318 0.31485
4.63407 -1.25222
3.78211 -0.26861
3.92551 -0.12842
3.98924 -0.09153
3.15847 -0.10016
2.79763 -0.18033
4.39270 -0.72933
4.83051 -1.21536
5.61076 0.32711
5.16817 -1.39330
4.40695 -0.64799
3.44871 0.53044
4.30601 -1.69708
5.15772 0.29739
3.26220 0.36896
5.14425 0.93917
4.85208 -0.42257
3.94252 -0.51657
3.60539 -1.39284
3.85783 -0.87734
3.20210 0.30159
3.21506 -0.02373
3.58683 1.07811
5.39990 -0.91084
2.41122 -0.11108
4.44751 -0.93672
4.05259 2.76810
4.78681 0.84109
5.80685 0.24266
3.26358 -1.11072
3.38993 1.39368
3.90283 0.44327
4.57603 1.33745
3.87627 1.31834
2.98005 -0.57185
4.16190 -0.78481
1.64915 -0.52536
2.31053 -0.81647
3.27456 0.34510
3.89132 0.11735
1.40412 -0.01409
3.78991 -0.16650
3.70744 0.92285
3.67202 -0.47001
3.34693 -1.87451
3.93129 -0.73055
4.19008 -0.43824
4.81302 0.96420
5.86103 0.37957
5.25682 2.67617
3.47827 0.89203
5.26640 0.13600
1.33031 1.12110
2.76028 0.34876
4.39978 2.65478
4.08830 -0.89881
4.26362 -0.91434
2.48712 1.17767
3.28054 -0.34751
3.65748 -0.27460
4.21637 -1.84495
4.15495 -0.73415
2.73870 -2.38491
2.24726 -1.44918
4.70736 0.41504
2.58814 1.44706
3.87290 -1.59713
4.36074 -1.49341
2.30201 0.28750
5.03914 -0.40551
2.69275 -1.01992
3.75817 -0.57064
5.25030 -0.32209
7.00887 0.70232
6.93646 -0.55061
5.36619 0.36373
8.22031 0.04494
5.60922 0.32868
6.13632 0.07381
6.62637 -1.91062
5.74111 -0.31440
7.35661 -0.22364
5.66708 1.63242
6.06664 0.66190
4.51230 1.27791
6.72526 0.48596
5.31546 -0.51168
6.01139 -1.65528
6.88483 -1.86832
6.76058 0.10479
5.42122 -0.89516
6.66577 0.93808
5.86967 1.07992
4.48725 0.80461
7.91496 0.23454
5.09582 -0.34994
5.90783 -0.26943
4.03541 0.40315
6.14849 -0.38581
6.16816 0.33406
4.90047 0.27303
6.13228 0.90499
5.34992 0.52165
7.14884 1.24228
6.45873 1.45430
5.64992 0.51313
3.59532 -0.28090
6.36959 0.36897
6.34099 0.04079
4.13861 0.24461
5.46403 -1.37035
6.88269 -1.86880
5.64530 -1.80888
5.66120 0.65395
3.73641 -0.70652
6.75283 -0.57053
6.47948 -0.14692
5.85519 -1.34864
6.57520 0.21074
4.85133 -0.48501
5.92228 -2.69941
6.86690 -0.64526
4.96553 -0.97840
5.90208 -1.05177
5.97995 0.20807
6.89501 1.72676
5.66088 0.71608
4.86591 -0.13998
6.44164 0.85740
7.96503 0.13586
6.16069 -0.53013
5.98571 -1.46490
5.97513 -0.18950
5.27795 0.88903
5.65226 -0.07316
5.59707 -1.75198
7.55333 0.43913
6.42953 0.49396
4.93231 0.72798
6.22999 -1.28211
6.45224 -0.53181
5.38746 0.86784
5.86304 -1.02716
4.93775 -0.01147
4.37364 1.53295
6.22961 1.62278
5.12629 -0.36034
7.29585 0.97639
5.36525 0.01856
6.49744 0.12438
5.57157 -2.55004
6.86227 1.37860
7.08979 -1.73056
4.83091 0.47134
5.99037 -0.81987
5.57611 2.08926
4.10855 0.73328
4.70236 -0.20875
5.34305 -0.45791
6.50067 -0.63970
6.72879 -0.48290
4.73122 -0.04169
6.60891 -1.02865
6.22895 0.78332
6.09686 0.25254
4.94471 0.20716
4.73073 1.84662
6.83792 -0.77320
7.16482 -0.29762
6.10473 -0.80438
6.72124 -0.03419
5.04202 -0.34107
7.76927 1.34392
4.85352 0.65209
5.87711 0.09987
6.02821 -0.02919
5.64764 0.09613
3.43118 0.21307
4.45176 0.28069
6.42105 0.11836
5.26435 0.88307
5.24901 -0.37469
5.73589 -0.63708
5.77223 0.52078
6.04105 0.99865
5.91208 -1.23079
6.29112 1.12116
5.40640 0.92281
4.91879 0.90655
5.84641 -0.72933
6.16439 -1.70699
6.57079 -1.01369
6.96746 -1.16879
7.75646 -1.86454
7.31269 -0.89456
4.94909 -0.73034
4.30141 -0.87341
5.92071 0.56145
6.99358 -1.37550
5.60690 0.30803
7.48724 0.20028
6.61866 1.21505
5.54374 0.40876
7.07226 0.47435
8.13983 1.47876
7.24011 0.07333
6.19675 -0.60470
4.65156 0.67090
8.50964 -0.83173
6.73019 1.53754
6.08714 -0.04349
6.39051 -0.83939
6.10907 2.31761
5.61778 0.24779
4.93998 1.76744
5.82863 2.71508
6.78295 0.24262
5.97175 -0.13543
6.31109 -0.96942
6.32882 -0.20661
4.37584 1.38253
5.61996 1.15978
5.60091 -0.44108
5.36085 -0.73335
6.23858 -0.27198
6.15862 0.30683
6.21156 0.76401
5.31432 -0.30466
6.13493 0.30512
6.30806 0.22671
2.99019 -0.23274
6.81649 0.27942
6.88253 1.52107
5.15602 1.67666
6.60418 0.30693
6.77850 -0.03851
7.24202 -0.25713
6.12503 0.13047
4.39219 -0.54620
5.67642 -1.10130
6.84694 -0.56264
5.84919 -0.07104
4.03270 -1.07484
5.36858 0.64762
4.75657 -0.76053
6.32751 0.71333
5.24342 -1.66221
7.74443 0.76825
6.92108 0.03009
4.85633 -1.99810
5.58131 1.25956
4.54189 0.10656
6.06539 0.26951
8.40980 0.51971
4.62588 -0.04408
5.67098 -1.54100
6.12156 -2.80824
5.49031 0.48249
6.07123 1.76514
7.75067 -0.06111
5.77435 1.51770
5.57708 0.22780
7.11108 -1.17943
5.47450 -0.58863
7.05780 -0.64405
4.30690 -0.07172
6.18017 -1.54202
6.17655 0.71863
4.13638 -0.42059
4.59727 -0.21071
7.70278 1.20245
5.58500 0.81825
-1.35629 0.88260
1.10146 4.07989
-1.68855 3.65853
0.53016 1.28591
-1.23971 3.81420
-0.05550 3.88568
0.36004 4.64521
-0.69363 3.17638
-0.34479 3.38148
1.15495 2.63986
0.14034 3.41416
-0.21739 4.39317
-1.13606 3.28450
1.38896 4.13516
-1.06239 3.81884
0.55664 3.47166
0.66367 3.53148
-0.61209 4.97217
0.15694 5.03697
-2.09356 3.37275
-0.33760 3.93636
2.33850 5.11284
-0.42770 2.94299
1.03710 3.77500
-0.03800 3.88741
1.65871 4.48863
-0.88539 3.83174
-0.88155 3.99734
-0.72111 4.43970
-0.74729 2.72461
1.23393 5.09275
0.03517 4.29873
-0.56726 4.93478
-0.03750 3.50619
0.70930 5.38845
1.53649 1.87863
-0.87865 4.79827
-0.93668 5.07644
1.55304 4.58140
0.41471 4.54207
0.46825 3.89323
1.11008 4.21684
-0.02244 3.64808
0.35967 1.11890
0.65825 3.15850
-0.40743 5.85263
0.06002 5.66086
1.58933 3.11227
0.10468 2.77453
0.00177 3.34774
-2.11971 5.22505
-1.48605 3.65074
0.11410 2.54261
1.88793 3.37588
1.52683 4.27780
-0.49536 5.23929
0.43219 2.64099
-0.68555 3.92444
-0.83589 3.38496
1.54538 2.30397
0.61588 3.69215
-0.03886 2.72969
0.26911 3.69471
1.91149 2.83425
0.53277 4.91370
-0.54992 3.87572
1.09097 5.83071
-0.97224 5.12468
2.57959 4.51785
0.83169 1.83031
-0.79669 3.42951
1.41608 5.08312
-1.04103 6.38581
-1.47980 3.83070
-2.97028 3.98370
0.47294 4.42597
0.13299 5.62764
-1.43642 4.20113
1.00619 2.46597
0.62894 3.66440
-0.33529 2.86730
1.81317 5.43227
-0.51403 6.89059
-1.62093 3.40250
0.52760 4.91983
-1.62617 4.76171
-0.03732 2.47651
-0.13535 3.03962
-0.77055 4.76883
0.75045 3.24804
0.33685 4.33650
0.37458 4.02223
-0.54335 4.29408
-1.34564 5.72155
-0.45221 4.14606
0.98165 3.47681
1.21841 3.12803
-2.44751 3.55333
-0.07644 4.13103
0.83112 6.13353
-1.27994 3.77791
-1.83139 5.64460
-0.20050 3.81564
0.39167 2.77985
-1.33642 6.07860
-0.67365 3.90159
-0.10221 3.26006
0.03876 3.58126
-1.57069 2.87809
-0.63119 2.15786
0.60247 3.22705
-0.36718 3.27891
0.08723 2.43958
-1.45085 4.12685
-0.18173 4.31262
-0.97046 4.61464
0.06638 1.85251
-1.30241 3.37898
0.10370 4.01592
-1.39470 3.02215
0.37729 5.07705
-0.05050 4.38919
-0.66182 3.02251
1.19136 3.58699
-0.21675 3.40646
1.12325 5.16845
0.19601 2.52388
0.81673 4.50198
2.17313 3.41518
2.21301 3.33473
-1.50748 5.98909
1.07408 2.68141
-1.55940 4.42800
1.14040 4.12874
0.60105 3.75925
-1.07098 2.19441
2.63266 3.93337
1.01565 3.59066
0.65331 3.47398
-0.36869 4.65986
-0.42062 5.44064
1.70655 5.31036
-0.00303 4.57211
0.06463 3.90128
0.33821 5.86872
0.39503 3.27611
0.08345 3.37256
0.12131 3.57082
-0.91351 3.86369
0.13073 4.76911
0.08537 5.36784
0.29438 3.42019
0.49584 2.75810
0.06897 4.16530
0.69008 4.16081
-1.03623 3.42979
-0.82819 3.62531
-1.92903 3.45506
0.21235 4.96685
-1.18000 4.60960
0.35336 4.72647
-1.72393 5.57394
1.38349 4.10013
0.22079 4.32100
0.33152 4.56482
-0.75426 5.07903
-0.82067 4.36221
-0.01141 5.44160
-1.10859 3.91903
-0.68755 4.14692
-0.60756 4.06339
0.14154 4.19314
-0.58403 2.39880
-0.08981 3.52742
1.58900 4.77999
-0.54709 3.82230
-0.32079 3.14282
0.69331 3.81449
-1.16121 4.93899
1.19520 2.77403
-0.33681 5.72133
-1.12142 3.82001
-0.95981 4.77681
0.68539 3.19574
0.47869 4.36282
0.02313 3.87815
-1.88298 3.44459
0.30382 5.00872
-0.10112 5.38265
-0.28202 3.48314
-0.74681 4.10976
-0.37263 3.39247
0.53743 5.74014
1.78079 3.09025
1.25652 5.48606
0.30083 5.32932
-1.46643 3.59296
-0.26570 3.33027
-0.90588 6.00226
-0.08783 2.54152
2.14599 3.02303
1.33300 4.83066
1.05898 3.92219
1.95780 4.56187
1.80804 3.90622
0.81654 3.03568
1.35933 3.37773
2.91327 4.56538
1.30742 2.84393
1.91967 4.56863
3.03757 3.64701
2.36769 3.74439
3.10300 5.97170
4.25797 4.39779
1.45994 4.57686
1.53569 5.01480
0.17593 3.61694
3.18616 2.66945
0.90196 5.48426
3.12803 3.94369
2.76928 4.05840
1.63489 2.77180
2.21957 4.36205
-0.27551 5.06634
2.19539 3.28315
0.22014 3.48056
1.73073 3.34729
1.71334 3.01303
2.46135 3.43885
1.38084 4.02629
2.66388 4.00626
0.15544 4.93707
2.83398 4.10408
2.45038 3.81436
2.01915 3.72247
2.12495 2.93554
1.81886 4.35349
1.77177 5.15593
3.19433 4.57515
0.19407 5.46356
5.12392 3.45484
1.26456 1.92742
1.90512 2.49898
1.21682 4.54786
0.62367 4.40470
0.89122 3.72181
3.92012 2.34712
-0.06004 4.44755
3.45914 2.65968
2.76794 4.94861
0.08632 3.25445
3.05080 3.02938
1.25390 3.87217
4.22097 3.77690
1.93293 3.66630
1.00593 4.64447
2.47453 5.21032
1.73343 3.85463
3.37941 3.58742
1.97217 3.87677
2.12905 3.20732
1.62450 4.22753
1.91440 2.94354
3.84465 4.25757
3.04987 5.66338
0.57973 4.40054
2.32566 4.41822
1.49030 4.51769
2.82295 3.71375
2.69626 4.99659
1.05198 4.76843
3.35695 4.08157
1.20366 4.81635
2.61722 4.20737
2.47059 3.30228
0.87804 3.31288
0.48341 6.14269
2.87096 4.91166
1.43156 3.51348
2.72445 3.92995
1.23638 6.03327
1.54385 4.20543
3.20372 3.62639
2.47637 5.09027
0.91591 3.93234
2.96578 2.04573
1.72449 4.62029
2.30979 1.33232
-0.07902 3.96226
1.97929 4.59104
0.79416 3.84388
2.51543 3.85930
2.62579 4.81829
-0.13239 4.87845
2.43981 2.92701
3.38127 5.81309
0.85292 4.25558
2.34168 6.80276
2.07756 2.33087
2.73873 4.23801
2.52301 5.20623
1.22480 4.04398
-0.36800 4.16421
4.00756 3.92871
2.75949 4.49996
1.23998 4.48872
2.52569 2.88286
0.98346 4.19765
1.40541 3.32036
2.68694 5.14251
2.41826 4.97369
1.05531 6.63616
2.85186 5.40523
3.60005 4.38769
1.28693 1.89000
3.14939 3.54786
2.63532 4.80418
2.39198 2.67985
2.35379 4.38269
1.75099 5.65543
4.23948 2.68839
2.28471 5.42278
3.17554 3.70946
1.75601 4.19256
0.84634 4.05879
1.83226 2.52748
2.00588 5.15903
0.94450 5.04557
3.19800 3.50288
0.94025 2.89636
1.83368 3.49915
1.76705 4.71945
2.53849 5.25846
3.36188 5.00978
2.44441 3.65238
1.32710 5.37747
2.77551 7.12166
3.32122 3.83836
3.33415 4.02772
2.31583 4.84402
2.04384 4.72740
1.09437 3.42308
2.51909 3.92613
1.74410 5.64385
-0.38969 5.50785
2.28470 4.02267
0.55739 4.08683
2.25016 1.92623
4.12947 3.29473
2.36950 3.69143
0.17096 5.45304
1.63778 5.18108
2.20258 4.07135
0.22582 2.49958
2.09123 3.22231
2.33841 5.01744
1.87052 3.89671
1.30390 3.84360
2.17471 2.80435
1.17091 2.97166
0.83604 4.92622
2.04918 2.90734
2.46053 2.85193
1.83057 5.55696
2.71191 5.05693
2.32986 5.69669
2.40650 4.85023
1.42652 3.05791
1.95863 4.58526
2.68248 4.17630
2.35582 2.93964
2.19287 5.51813
2.68885 4.82068
1.49397 2.86904
3.47326 3.42893
0.45905 4.92863
1.21016 3.33709
1.72342 4.16829
3.20155 5.00724
2.67112 4.81037
2.96199 3.54725
1.60267 4.78370
0.90018 3.34499
1.36416 2.87553
1.50969 4.10457
2.30278 4.90563
1.25328 2.60682
2.22927 4.93155
3.23514 3.22418
3.45783 5.22907
2.89430 4.74867
2.60978 3.36535
0.18439 3.40591
3.52071 4.74051
0.96837 4.50849
0.79235 3.89323
2.10095 5.69878
1.89007 3.52068
2.95156 4.04373
1.31840 3.55773
3.37118 4.42174
4.53994 2.84722
5.19639 3.24791
4.93545 5.22341
3.48089 5.26877
4.99437 4.81443
3.17219 3.13862
4.87706 3.76614
5.58115 4.68443
4.66162 4.32260
5.85083 3.89758
3.30404 5.02341
4.79196 2.80947
3.65660 4.34452
6.05754 5.45405
3.70018 2.67510
5.07588 5.05946
3.44576 4.15243
3.43650 5.12805
4.74670 3.23741
4.23762 3.54763
4.55137 4.55636
4.11673 2.22910
4.81964 3.41572
2.39888 4.01328
4.12905 4.04205
5.12636 4.41280
3.48534 2.83024
6.57360 2.38217
3.78941 3.40611
3.54148 3.17258
4.74050 4.09748
3.87936 2.30854
4.30829 5.12412
3.59726 5.40634
3.30619 3.66384
5.24909 1.60642
3.92603 2.14369
4.36911 3.78977
5.40290 6.83150
4.05668 2.64422
3.43677 4.63456
5.02502 3.67377
4.10779 3.25024
2.74245 3.49786
3.93277 5.81076
3.34338 2.76544
4.75220 3.28543
5.55208 3.24877
4.30449 2.94214
5.74270 2.76415
2.58253 5.17566
3.09200 2.86057
2.80184 2.95685
3.80884 4.74667
6.33989 3.48822
2.69914 2.45800
4.68168 2.14192
3.59054 4.58434
3.14142 4.38360
4.90262 3.02119
5.32585 4.42187
3.72882 4.91468
0.93722 2.09124
3.48051 4.90361
3.10161 5.33294
5.01763 3.61813
3.49149 3.05610
3.83568 4.64065
4.02036 4.13894
3.92899 4.90876
4.21139 3.06822
2.66022 5.08698
3.35218 4.88998
3.61859 4.72219
2.05469 4.58557
3.95069 3.90022
4.87827 4.12305
3.09437 3.72445
5.81716 2.53250
2.53156 6.84700
3.07583 2.78366
3.11949 5.19597
4.07352 4.61816
5.21980 4.36596
4.98077 5.19800
2.22177 3.14876
4.63777 3.74312
2.44297 4.34827
4.42546 5.85477
4.65785 1.93635
3.87379 3.62435
5.36770 3.87335
3.24499 5.21214
4.75044 3.64307
4.38045 4.64802
5.54610 2.91101
2.80703 3.25327
3.88838 2.99288
4.77494 3.64121
4.43115 3.81385
5.17322 3.74960
4.17199 4.30746
4.00714 2.59863
3.72526 1.98976
4.80688 5.66109
4.75624 2.40215
2.73979 5.85597
3.61010 4.71311
4.42061 2.38364
4.40886 2.94125
3.77913 4.06033
1.52834 2.54683
2.90950 2.64911
2.58520 2.90019
4.52518 3.98080
4.24352 3.69658
3.27363 3.39577
5.34729 3.77491
3.72444 2.10432
4.36546 5.17967
5.43699 4.49460
1.84857 5.01175
3.43512 2.36779
5.40552 3.93487
4.76535 5.21059
4.38699 5.00033
4.37289 3.32087
3.87267 4.42094
4.02504 5.71198
4.94466 2.17746
4.39051 5.65115
3.83199 5.20375
2.17280 4.16002
3.53840 3.73659
4.25393 2.38538
5.43788 2.92962
3.54150 4.08798
3.85625 2.01005
2.15190 3.66717
3.90186 2.71038
3.17279 3.62459
2.78018 3.01280
4.09704 3.61503
4.75724 2.76840
3.03053 5.65226
4.98649 4.97710
4.82431 2.99287
4.02495 3.05791
3.36881 3.25048
4.31845 4.44918
4.16699 3.96227
3.25584 3.35847
5.28921 4.20115
3.58184 4.88493
4.31987 3.07783
3.65669 4.77448
3.92322 4.92005
4.19820 3.93616
3.96907 4.04689
3.02591 3.05511
3.13607 4.92996
4.02373 2.53527
2.69641 2.58649
3.15514 3.72891
2.80822 4.53769
1.84986 1.97773
5.83760 5.61821
5.25879 3.36873
3.09855 3.08354
5.87586 2.96365
4.53351 4.48833
4.08414 4.68821
4.32456 4.71062
5.67812 2.01112
3.19218 5.25212
3.03051 4.97525
3.78637 4.90076
3.72171 4.26499
4.61351 4.28913
4.30075 4.01003
3.40542 2.58676
3.60874 4.06693
4.07897 3.54944
2.01532 5.45389
4.85557 4.32479
4.60248 5.38009
3.33051 2.49784
4.11972 4.05685
3.65099 3.96298
5.19920 5.33252
3.77319 5.31123
2.56677 2.57615
3.10281 3.55007
4.04883 1.42166
3.66687 2.62971
3.86891 4.70129
4.27400 3.38151
2.62793 4.02328
4.59818 3.17613
6.46663 2.02548
5.47944 3.06370
5.55369 3.84020
5.58375 4.63788
6.94972 4.90624
5.46948 5.71487
4.12015 4.97493
6.40380 3.77234
7.96826 3.42831
5.67250 4.52164
6.26198 3.87640
7.02646 2.61568
6.87338 3.38088
4.81447 5.02576
6.86043 4.85333
6.17432 4.97464
5.92090 3.14849
4.95348 3.40492
5.98054 4.54299
6.56641 3.41978
5.98318 3.10106
8.55586 4.54120
6.31608 5.00331
3.58706 4.77756
3.91993 4.25399
5.58655 3.64125
6.62801 5.58860
6.27000 3.39010
4.91926 3.25278
6.18498 3.24849
4.82683 3.82046
8.03425 4.60174
7.06456 3.56891
6.12648 3.13177
7.71832 4.12373
4.93311 3.29988
5.03316 3.79688
4.99338 3.55947
5.29267 4.39164
4.53439 5.60952
6.19259 6.07501
7.26834 3.87388
6.15018 4.33082
6.90204 4.12147
5.68209 5.30402
6.27716 5.64281
6.10752 3.84246
5.80998 5.31807
5.96456 3.99809
6.37447 3.99819
6.35793 3.52354
4.64439 4.62998
7.59576 3.05497
6.46359 3.87828
6.23481 3.72537
4.82743 2.03547
4.94137 3.07302
5.04653 4.11124
6.49027 4.74698
8.10899 5.09360
5.04333 5.40810
5.17331 3.60346
5.48099 2.28156
5.84015 2.41363
6.62639 2.75715
5.28748 4.29827
3.43620 5.37721
5.26571 2.49552
5.43806 5.40764
7.57372 4.63632
5.51181 2.11339
6.96629 2.52731
6.14522 2.97162
5.99210 0.88136
7.00158 3.62535
6.01337 4.69475
7.10834 5.68938
8.17039 3.58686
7.02152 4.83935
5.33196 5.68181
5.08412 3.12644
6.39067 3.51854
6.65118 5.84939
6.73510 2.22738
5.40531 5.96589
5.62122 3.99463
6.00846 2.40985
6.17997 3.12260
5.84917 3.30993
4.48896 3.77770
5.45555 4.67450
6.68146 4.00337
5.88993 3.56813
5.69281 4.16537
6.45766 3.22927
5.20189 4.70859
4.01054 6.07054
5.20550 5.54674
5.90467 3.83768
5.87360 2.80020
6.26758 2.86348
4.99333 4.11356
4.27111 4.94144
4.03653 5.53638
4.05404 2.53909
7.36867 3.46314
6.38754 5.09242
6.97648 3.71331
6.13534 4.13098
6.05467 2.49302
6.96478 3.07274
5.18205 4.93279
5.43256 4.39864
5.17902 3.29337
4.41413 4.06909
5.19701 4.01284
7.05110 4.62811
5.59644 3.76409
7.76729 3.94550
6.68592 2.75994
5.56253 3.51578
5.15341 5.13200
5.71673 5.18206
4.32002 3.15651
6.17136 4.19842
5.25455 4.20316
6.17500 3.10669
5.86193 1.74322
6.36170 4.58159
5.70835 4.22074
5.28562 3.83526
4.98739 3.85622
5.45776 4.20432
5.25030 3.59336
4.80278 5.36140
4.54156 4.07322
5.96455 3.68658
6.68931 3.13243
7.37004 3.57808
5.64098 4.37263
7.61991 3.90894
6.20234 5.27332
6.47720 4.28566
5.70683 5.27966
5.94936 4.08108
5.88738 3.67399
7.37289 3.50074
6.74709 5.00276
6.73695 2.68056
6.41152 2.51810
6.90002 4.15871
6.36439 4.16206
5.40781 5.86812
5.53273 3.14875
5.43802 3.80830
7.86907 6.69401
5.28515 2.67279
5.86527 4.54457
6.60840 3.38950
6.85506 3.56120
5.97672 4.23396
5.92740 3.21739
6.10724 3.15905
6.74007 4.15999
8.05570 3.36845
6.75154 4.23406
5.02279 4.12754
5.64442 3.18849
5.94131 3.62297
5.67807 5.99423
4.80564 2.84059
5.85971 4.01295
5.43875 3.91341
6.30478 4.61493
6.81135 3.93264
6.52608 4.70854
6.31373 5.93286
6.58308 1.85263
6.57012 3.73554
4.86206 3.33375
5.52334 4.85532
6.33000 5.55798
5.10827 4.01430
6.64075 4.47250
6.39353 5.29343
7.68508 4.13065
5.21927 4.33087
6.00985 3.85160
5.20744 4.36728
5.53016 2.96241
6.57506 4.48158
4.65292 3.10420
5.40930 4.57748
6.61590 3.28928
5.84296 4.74454
6.65350 1.66613
5.93017 6.27121
7.03092 3.23048
6.14503 3.72393
6.12672 4.37276
