0.13225 0.87204
0.07559 -1.48644
-0.50842 -0.54582
0.76734 -2.02929
-0.53835 -0.25585
0.29990 -0.40308
0.16090 -0.64133
0.78890 -1.54760
0.99798 0.22894
0.37400 -0.47839
-0.21591 0.64699
-1.19753 1.78833
-0.88488 -0.90222
1.05569 0.95156
-0.60490 -0.39696
-1.84848 -1.10213
-0.60880 -1.38479
0.70271 -0.50824
0.19453 -0.38588
-0.74331 2.05352
-1.75079 0.01106
-1.04849 0.62661
-0.33252 0.05692
-1.17690 -0.05828
-1.90322 0.69390
-0.82877 0.11759
-1.52710 0.49189
-0.81549 0.31944
0.74867 -0.77495
0.32709 -0.07448
1.14649 0.11714
0.37099 -1.23535
-1.62858 -0.38773
1.39229 -1.60338
-0.41156 -0.14112
0.77969 0.55306
-0.55553 -0.61311
2.02423 -1.57936
-0.62489 1.16376
-0.62311 0.65104
0.81949 0.70225
-1.53187 -0.45502
2.68561 1.63216
-0.09300 1.62189
0.81672 -0.72593
0.29686 -0.09956
0.80008 2.22117
1.03680 -1.04028
-0.42811 1.92228
0.57655 0.48923
1.06721 -0.23579
1.08794 -0.54763
0.49748 0.59923
-1.38028 0.48349
-1.74035 -0.94500
-1.42991 -0.09740
-0.01479 -0.17336
-0.89219 -1.42409
1.19423 0.83719
1.05719 -0.28901
-0.38304 0.55058
0.68947 0.29865
-0.04160 -0.62600
0.46827 -0.74493
-0.33169 0.36315
0.83876 -0.57616
-1.83624 -1.33613
1.54451 1.87618
0.82880 1.96406
-1.02249 -0.37048
-0.65024 0.85641
-1.73551 -0.23037
1.98706 0.61383
-0.20683 -0.38211
1.40489 0.47690
-1.25165 0.36998
-0.47475 -0.35875
0.30943 -0.05472
0.84988 2.30233
0.55972 -0.44504
-0.16452 -0.28317
0.95987 1.62861
-0.60563 0.02462
0.72477 -0.77274
0.13954 -1.36630
0.54386 -2.50487
-2.16903 -0.19419
0.28951 -0.81341
-0.11518 0.01549
1.09468 -0.18556
-1.35491 -0.47472
0.70424 1.06950
0.17683 -0.21324
0.63892 -0.19400
-0.56157 -0.32315
-0.37136 1.35394
-2.03882 1.06733
1.06190 -0.05364
-0.92301 0.73786
-1.28846 0.65894
0.75414 -0.13514
0.70569 0.02231
1.81223 1.21919
0.20917 -0.30523
-0.53491 1.18702
-0.44972 -1.49179
0.72521 -0.87943
-0.43713 -0.89947
1.25010 -1.26927
0.34008 -0.36922
0.52612 -1.01597
-0.43942 0.88663
-0.01323 0.50148
-1.09218 0.03235
1.28362 -0.09169
0.54962 -1.74222
1.34224 1.68677
-0.95522 3.71881
-0.71713 0.84398
-1.47889 0.33264
1.00601 -1.00520
-0.03487 -0.97896
0.20576 -0.61020
0.57933 0.12864
1.13135 -0.13918
-0.12591 -0.03135
0.45701 -2.25909
0.44498 1.75341
0.06634 1.78174
-0.86324 1.85867
1.85024 2.26231
0.08735 1.31631
0.52652 -1.30667
-0.00760 0.95152
-0.02874 -0.99641
-0.45204 0.34986
-0.09209 0.83227
0.21363 0.01848
-0.35825 -0.28302
-1.40016 0.56029
0.34751 0.74666
1.95852 -0.07994
-1.01705 2.01039
-0.21546 0.70198
-1.00873 0.38855
0.45290 -0.46743
0.00202 -0.63876
-0.77745 0.61956
-1.21170 0.55862
-0.74281 0.12628
0.07080 0.24220
-0.93737 0.78046
0.11881 -0.30113
0.21835 2.16005
-1.23695 -0.94825
1.12074 -0.85780
0.57818 -0.22467
0.31011 1.12646
-0.08722 0.03094
0.60815 0.87395
0.46225 -0.83028
0.40971 0.10018
0.45205 1.06463
0.83928 1.46260
0.19722 0.10715
0.90383 -1.68838
0.50522 1.23559
0.90669 1.37626
-1.40028 1.15662
-0.26516 0.64205
0.59273 -1.08477
-0.78970 1.35158
0.05706 -1.32147
0.86300 -0.07772
0.64796 1.24853
0.80615 0.85263
0.91820 0.80085
-1.22505 1.09591
-1.66043 -1.60907
-0.02762 -1.54252
-0.84826 0.84656
0.34196 0.45249
-0.85777 1.28522
-0.01949 0.04284
1.07709 -0.03851
0.41626 -0.64464
-0.74497 0.30654
0.56463 -1.86527
-0.60811 -1.77230
-0.44746 0.01890
0.35626 1.40972
-0.56019 0.26086
-1.14481 -0.96728
-1.40596 1.00395
0.33154 -0.32353
-0.19644 1.82299
0.72595 -0.28957
-0.79503 -1.28024
-0.21655 0.32328
1.25090 -0.03671
1.84686 0.75508
0.71498 0.75972
1.41259 -0.03991
2.34371 0.03925
2.46298 0.06271
1.00944 -0.87567
2.72781 -2.36354
-0.00982 1.61636
4.28421 -0.11506
3.73889 0.29078
1.57302 -0.36772
1.71811 1.39451
1.49118 1.04673
2.36474 1.68517
2.01861 -2.25375
4.00833 -0.23426
2.51127 -0.08341
1.60365 0.11883
1.23553 -0.89045
1.82741 -0.29574
1.19876 0.53998
1.55159 -0.19579
1.75783 -0.05592
1.76688 0.95036
2.73267 -1.59781
3.30110 0.28330
1.75436 0.18382
1.09435 2.27161
0.64105 -0.14103
0.91821 0.57250
3.26314 -0.82429
1.33975 0.27843
2.15548 0.87147
1.05195 0.91465
1.92089 -0.64858
4.07469 -0.25549
1.55331 -1.39431
3.15485 -0.19030
2.54094 -0.03551
1.85817 2.41244
2.63282 -2.68267
1.99443 -0.75701
0.31093 -0.44862
3.40171 -1.37962
1.89749 0.49996
3.25501 0.67644
1.52597 -0.32378
1.40170 0.76632
1.34686 -0.11610
1.96337 0.45318
1.81704 -0.57155
2.36755 1.94675
2.34409 0.72198
1.87107 -0.17785
3.35334 -0.84236
1.74782 0.10627
2.57209 1.28573
3.57734 2.36632
1.96640 -0.67216
0.98294 -1.63215
2.58270 -0.84455
3.39029 -0.73137
2.16608 -0.02548
-0.07451 -0.47049
3.32948 1.35653
-0.33946 -0.95734
1.97623 0.56244
1.89612 -2.08254
2.18935 0.62071
1.18181 -0.64003
1.12329 0.74245
1.67540 0.07842
3.58323 0.52522
0.42067 0.41262
2.59353 -0.91389
1.91700 -0.03316
2.43821 1.62034
2.12139 -2.37787
-0.02833 0.49021
2.81073 -1.16881
2.88136 0.38375
4.48801 -1.42519
1.00681 1.22453
2.66104 0.64332
2.04803 0.76869
2.76621 -2.47182
2.39816 -2.08488
1.16830 1.38449
2.90324 0.95100
3.12170 -0.44418
3.08313 -0.55653
0.50127 0.51505
3.00793 0.72364
2.08281 -0.51983
3.24684 -0.17766
1.90105 -0.66328
2.81561 1.94501
3.00823 -0.67247
0.23202 -0.80946
2.10096 -0.11827
1.95432 1.60506
4.77137 0.82329
1.57191 -1.24565
1.45279 1.80347
1.45848 0.51802
4.09156 0.02529
-0.16925 -0.06998
1.30454 0.81618
2.71973 0.55186
1.16906 -0.08978
2.68019 0.41319
1.73838 0.45326
-0.10676 -1.47582
1.61146 -0.13366
1.92367 0.93531
-0.20724 0.10664
0.77764 -0.88921
2.78783 0.73170
1.71549 -1.10275
1.84864 0.05911
0.44867 -0.42518
0.50851 -0.98598
2.40469 0.69596
0.93930 -0.51183
2.57628 -0.95259
5.36201 -0.68462
2.10477 0.20168
4.08262 0.51250
2.90053 -2.14323
1.29352 -0.41228
3.88246 1.28134
2.00851 -0.48998
3.35219 0.79568
1.70246 -0.59441
2.26200 -0.02652
2.68880 0.89208
1.81800 0.72309
2.22982 0.26645
2.41278 -0.51366
2.00016 -0.59961
2.89710 1.94929
3.23836 -0.10169
0.05859 -0.60811
1.76241 -0.44894
2.45375 -0.33618
2.22816 0.92161
3.79279 -1.39732
2.72889 0.01158
2.27198 0.23320
0.30684 1.94147
2.78014 0.42781
0.42988 -0.35697
1.54306 0.22670
3.06960 -0.47461
1.44750 0.83244
2.87432 0.50614
1.69688 -0.05390
1.44159 -1.38925
-0.12390 -0.93867
0.39033 0.27490
4.79618 -0.50907
1.80564 -0.29673
0.78871 0.95206
2.52568 -0.08440
2.27797 0.29452
4.80418 -0.50406
3.35348 1.40655
3.67626 -1.96724
0.24053 0.98287
1.80673 1.23918
2.28328 0.86022
3.52753 -1.43912
2.74443 -1.50601
2.77752 -0.90697
1.60590 -0.21081
2.95392 1.16167
1.70335 -0.07674
1.69254 0.09908
-0.63489 1.52502
3.47364 -2.51693
0.37335 -0.35749
4.88045 1.03086
2.29852 -0.54282
3.25678 -0.28844
2.91268 1.07472
2.54810 0.12162
3.16817 -0.22325
2.64620 -1.29338
2.02395 -1.53795
1.32951 0.05913
2.38902 1.01061
1.20092 -2.83280
-0.33631 -0.50005
1.13048 0.57332
1.85712 0.63778
0.25685 1.20838
6.15292 1.23201
1.99828 -0.40616
0.94107 1.59714
1.91135 -1.45809
3.09106 -1.54177
3.87848 -0.83703
3.37247 -1.04442
3.77288 0.27807
3.72087 -0.02291
4.06609 1.53985
4.18325 0.90838
4.17048 0.04786
5.13899 -0.21712
4.73280 -0.88393
5.28597 0.27146
4.95888 0.34047
1.15672 -0.39936
5.66205 1.30404
4.09767 -1.16062
3.53124 -0.50504
1.46318 1.34025
4.45146 -0.39633
4.48843 -0.65003
4.70576 -0.24002
3.36090 2.20888
3.19830 -0.67711
3.57650 -1.61023
6.07342 1.92041
3.72235 -0.96975
3.98274 -0.03218
3.20783 -1.59068
4.35298 -0.16190
5.30099 0.34811
3.35104 0.68498
4.68712 -1.27622
5.43657 1.97176
5.57659 0.41055
3.65200 -0.40378
3.87550 0.00477
5.10691 -1.30849
5.40337 -0.83754
3.64487 -2.34502
3.95589 -0.18709
3.64322 0.70076
4.27485 -0.00968
5.38605 0.48994
4.76537 -0.88978
2.44232 0.47845
4.27939 -1.25028
4.23224 -0.41685
4.19004 -1.57224
6.05700 -1.33691
4.45017 1.20321
3.98193 0.38754
4.49077 -0.39044
3.95116 0.85691
3.03838 1.48538
4.24432 -0.52330
2.79805 0.39654
3.67841 0.57459
1.96881 1.14499
3.75281 -0.80528
4.81481 -2.77288
4.13125 -0.68668
4.70848 -2.22386
5.02298 0.12221
1.87873 0.23412
3.71102 0.10450
3.09385 -2.03099
4.08414 -0.70907
3.56981 1.13523
3.32304 -0.91662
4.13426 0.34174
4.16400 -1.50768
2.27083 -0.15215
4.42743 1.43448
3.49951 -0.39361
4.53921 0.54825
2.95166 -1.17300
4.17601 0.11552
5.99128 -0.08778
2.92720 2.36343
3.87299 0.57792
4.25549 0.55729
5.42018 0.83265
3.04827 0.23412
5.13981 0.43859
5.75803 1.52076
3.44274 -0.69815
4.52048 -1.63188
3.80309 0.46208
3.89283 0.44985
4.23880 -2.10036
4.49260 -0.08535
3.44880 -0.94839
2.53942 -0.96018
3.73042 0.37805
4.64022 1.15210
3.90653 -2.05772
2.61901 -0.43297
4.57340 -1.07472
3.95942 0.28560
4.73629 -0.92927
3.57001 -1.63528
5.28852 -1.78799
2.37694 -0.25313
3.43312 -0.68303
3.90432 -1.20002
4.09298 -0.24754
4.75593 -0.13539
3.76645 -1.20386
3.63655 -0.30031
2.24442 -0.28060
2.44367 1.59132
4.73995 -1.78961
2.98421 0.69877
5.37827 0.00561
4.96027 -0.23641
2.51739 -1.10835
6.11022 -0.48598
3.81613 -2.52977
4.41214 1.19631
3.20297 1.79078
3.54824 -0.13713
3.58872 -1.90827
3.80077 -0.49712
3.21083 -1.10745
3.78039 -0.59485
4.19376 -0.26461
3.02962 -0.47297
5.02266 1.12742
4.17651 0.58674
3.40022 1.04123
3.98198 -0.83943
3.15440 0.37259
3.06199 -1.27167
4.29281 -0.40832
6.40528 0.91332
3.32584 0.31742
5.18113 0.41560
4.44280 2.22453
3.64197 -0.33643
4.61534 1.14468
3.85395 -1.33013
5.15732 -0.38525
2.14355 2.32048
4.87852 -0.98469
4.98498 -1.07386
3.17028 0.63300
5.78413 0.23597
4.25107 -0.51466
4.22259 -0.76692
5.06150 -0.46177
4.23545 -0.97444
4.31430 -0.70780
3.64422 1.95388
5.24607 -0.62900
4.25471 -0.30940
5.82234 -0.47266
3.68700 -0.91999
3.92732 0.98807
3.18851 -2.38406
5.34442 0.36107
1.96588 1.42266
4.00173 0.59964
3.53931 -2.08014
4.78100 -1.50905
4.10681 0.41070
3.41274 0.55693
3.28507 -0.00507
3.84697 -0.23723
2.16427 -0.17805
4.69141 -1.71921
4.28445 -1.06809
2.70847 0.27088
1.77167 1.11877
1.76304 -0.36521
3.64974 0.12367
3.39180 -1.48067
4.86903 -0.10924
3.65400 -0.11829
5.40132 -0.35154
3.06133 -1.10320
3.87540 -0.04493
4.33745 0.14528
3.30209 0.50988
1.16613 -0.35490
4.30718 1.15503
5.04007 -1.56752
3.35507 0.26395
4.44709 -1.38847
5.48166 0.98860
4.98109 0.42538
3.99879 1.35973
4.57245 -0.02687
5.38374 -0.57853
3.97809 0.06667
4.48991 0.85432
3.47061 0.45029
3.03680 0.29754
3.48063 0.61644
5.31407 -0.20887
4.72329 -0.42408
4.02420 -1.60108
6.08008 1.33984
6.30102 -0.68893
5.32416 -0.98516
4.06163 -1.87133
5.35928 -0.14707
4.80567 -0.25049
7.99285 -0.69534
6.82309 -0.10697
4.49938 0.50357
5.71907 0.53903
4.83177 0.25980
6.88679 -0.27998
7.36631 -0.55851
6.62677 1.10958
5.05764 0.42030
6.09627 -1.32860
5.60844 0.11417
5.01327 0.34049
5.21835 0.27527
6.81503 -0.56158
5.62552 -0.04675
6.86079 0.26288
4.95325 0.11937
7.16380 0.51144
6.35243 -0.73093
4.09450 -1.96244
5.41100 -0.67539
6.76327 1.13964
4.73902 0.10779
5.85474 -1.00706
5.31297 0.43689
7.18442 0.36260
7.78952 0.11104
8.06617 1.32158
5.07755 0.59323
6.58621 0.72343
6.17087 0.07591
6.48620 -0.27090
6.34838 0.79069
5.18525 0.17254
4.90383 -0.58271
5.74575 0.61837
5.72453 0.46197
4.74877 -0.42568
6.62100 -0.08613
5.50974 0.05402
4.97638 0.81825
5.41924 0.07294
6.25121 1.73704
4.84480 0.24705
6.35551 -0.62996
4.76936 1.95909
6.48685 -0.35473
4.95732 1.40159
8.94745 1.34599
5.65465 0.58482
4.81112 -1.17078
5.40394 -0.59197
5.24393 -0.02675
5.43138 -1.54409
5.94691 1.43331
6.54261 -0.21567
4.38755 -1.23904
4.66051 0.27717
6.98874 0.43737
5.75994 0.10882
5.54227 -0.00137
5.13557 0.57104
5.62770 -0.74298
5.86979 -1.43050
6.00040 2.16138
6.60950 0.14908
5.69779 0.05394
6.44865 -0.84295
5.69159 1.06640
5.30635 -0.86558
6.35845 -1.04477
5.30801 -0.06677
6.34283 0.78259
5.45796 -0.22086
3.40687 -1.24602
6.72044 -0.72848
7.09931 0.93801
6.05555 1.69994
4.34280 -0.57972
5.74948 -0.18575
6.18169 0.94381
4.19545 -0.11282
6.12768 -0.27156
8.27817 -0.03440
5.58879 -2.38866
7.24447 -2.82064
6.40102 1.69650
7.18106 -0.12116
4.15796 -0.41442
5.50465 0.77017
5.42500 1.10730
6.40150 -0.28586
8.57595 0.03527
5.44779 0.22652
5.53659 -0.49653
5.50642 -0.25486
4.43758 0.71460
4.31801 -0.63278
5.63604 -1.68712
5.78282 1.18668
8.72374 0.96857
4.38811 1.77224
5.99801 -0.45991
6.61987 0.89943
4.99043 -2.70407
6.82042 -0.34317
6.83777 -1.52462
5.59100 0.64077
6.24818 -1.40274
5.45796 -0.77705
4.89754 -1.64701
6.36128 0.50518
6.64867 -0.57025
6.29576 -1.00701
5.50676 1.10710
8.26953 1.30717
6.24466 -1.25263
5.27945 0.18796
5.13920 0.78408
6.10732 0.25535
5.00779 -0.00716
6.46854 -1.27527
5.13884 0.06988
5.15993 -0.28601
5.19752 -0.24658
7.39176 1.23520
8.12934 -0.81645
5.57908 0.02176
4.90938 -0.23577
5.95750 -2.88232
6.02586 -0.56993
4.47609 -0.98705
7.19492 0.80176
3.82951 -0.04069
5.52762 0.67289
7.11026 -1.27105
5.44927 -0.31160
6.21104 0.92202
6.37923 0.99194
6.33492 -1.26471
7.93915 -0.14062
4.86617 0.56354
4.51272 -0.68709
6.79604 -0.47673
6.13434 0.66585
5.72791 -1.02551
3.77916 0.13381
4.03533 -0.29273
5.17667 1.20509
6.75546 -0.10248
5.12387 -1.01772
7.52557 -1.58736
8.87877 1.39338
7.88499 2.28568
5.45170 -0.37607
5.86917 1.02492
6.23332 0.97799
4.93169 0.63699
6.45241 0.83293
7.34876 -0.19609
7.26878 -0.40468
8.41428 1.28756
7.32610 0.52364
6.60904 -0.03830
4.22539 -0.94867
6.33840 -1.42901
6.24131 -1.30398
5.26628 -1.28070
5.57236 0.30922
5.49788 -0.92321
4.59524 0.77093
4.02700 0.28663
3.34526 -2.09540
6.54663 -0.03802
6.03340 -0.08186
5.39213 -0.46243
5.95808 -1.48627
4.16302 -0.80717
4.76417 0.39339
5.75611 -0.64063
3.69657 -0.04822
6.90027 -1.05990
6.70083 1.05363
4.89327 1.50039
5.98087 0.82127
5.32293 -0.99921
5.69105 0.69959
6.80212 -0.94113
5.65912 0.90448
7.43411 -1.15928
7.79518 0.25360
8.11300 -1.19341
4.95626 0.91534
4.46914 -1.30176
1.66501 6.00729
-1.05711 3.43040
0.98076 5.63428
-0.73967 3.63853
0.58518 5.25673
-0.68219 3.65107
-0.86671 3.34891
1.12031 5.11802
0.19962 5.42993
0.18618 6.74143
0.63415 5.19551
0.74246 5.44067
0.28185 4.63704
1.64072 3.69682
1.77272 5.41477
-1.60055 4.53359
-0.40388 5.97293
-0.46724 4.67643
-0.23440 4.57561
0.88943 3.54773
0.20993 3.06645
-1.14989 3.91478
-0.52996 3.82828
-0.11983 4.63174
-0.65226 2.87561
-0.54238 5.05370
-0.62096 3.44112
-0.90987 4.48331
-0.40941 3.25034
-0.23202 4.79470
-1.31560 5.84041
0.09518 4.96019
-1.24335 4.77708
0.77084 4.70221
0.41500 5.02903
-1.00544 6.32636
1.44624 5.83416
0.90369 5.67947
-1.06178 3.80966
0.19555 4.72069
1.84745 6.00000
0.26970 5.25163
-0.51748 6.69199
0.18037 3.55473
0.41903 5.31956
0.22823 6.07726
1.33523 5.03070
0.36063 5.87924
1.01791 6.03784
-1.34340 5.97797
-1.56089 4.67469
0.48775 4.02368
0.44660 3.52402
0.32817 4.60634
0.79292 3.68019
-0.66493 4.27241
-0.88736 5.86464
-0.24843 4.06523
2.26423 5.33724
-1.48872 5.20167
-1.13982 5.06718
0.22434 4.78550
0.83503 5.16491
0.35683 5.99451
-1.11154 4.13566
0.19663 6.10826
0.34121 5.98401
0.96877 4.87076
-0.11696 1.38497
1.17161 2.86435
-0.40323 4.76592
0.21319 6.40278
-0.40792 6.57222
1.57201 5.70505
0.78077 3.78867
-0.71441 3.41856
1.69020 4.49646
-0.23353 3.87764
-0.28484 5.54842
0.23462 4.95149
-0.50448 5.89042
0.15620 4.37257
-0.64051 5.01837
1.26970 5.00388
0.25700 4.88171
-0.94480 5.65629
0.24971 7.01696
0.20332 6.10991
-0.28918 2.69496
-0.59528 6.12723
0.46728 4.24561
-1.34165 5.31041
-0.74018 5.85545
-1.40558 5.84341
-0.31200 5.07000
2.83689 3.75404
0.38351 4.31900
0.31582 4.71974
1.19959 2.95260
0.31565 5.75260
0.86733 4.30875
0.51398 6.01704
-0.62001 5.51823
-1.03399 5.80516
1.74578 5.33144
-0.82207 4.32056
1.80947 4.00984
-0.36971 3.51067
-1.65608 4.71411
0.12157 7.28340
0.49964 6.22084
-0.46195 5.06284
-0.03597 4.97216
0.20296 6.70662
0.25162 6.51415
-0.62385 3.63434
0.50772 4.59071
1.59688 4.73612
1.48243 6.31215
-1.01823 4.21671
-0.38791 5.02211
0.22907 6.69327
-0.08848 3.23929
1.17538 5.27045
-2.41360 6.38817
0.68790 4.77409
-1.30558 5.49778
1.56104 4.87462
-0.25049 5.03068
-0.04802 5.06696
-0.82516 4.05209
-0.10497 3.97616
-0.06037 5.94790
-0.71105 5.10244
-1.81622 3.53859
0.49631 5.23037
0.33631 4.50594
0.02032 5.07847
-0.84214 5.26204
-0.37273 5.79772
1.13149 4.58513
-0.65072 4.83241
-0.15334 3.78002
-1.96004 6.88040
-1.44946 5.97420
-0.52970 4.21561
-0.48025 2.77572
-1.80947 3.72169
-0.72210 6.36314
1.50390 5.40904
-0.72322 6.10025
-0.31880 4.16866
0.35493 6.03400
0.21348 4.87606
0.36748 4.28871
1.12518 5.94173
0.33618 4.53949
-3.58579 4.87580
-0.25637 3.69347
0.79256 4.12636
1.51195 3.91964
-1.09781 5.31241
0.63681 5.91008
1.03042 5.74818
-0.09914 5.58978
0.95292 5.12031
0.44305 3.78105
1.55051 3.93853
0.22058 5.00678
-0.51240 4.15803
-0.92447 4.78949
-0.92781 3.31065
1.01199 3.97948
0.35789 5.44598
0.41848 3.43480
-2.12342 5.80536
-0.15402 5.10146
0.67527 6.41320
0.43598 5.86998
-0.68987 5.34050
-0.21594 6.04841
0.15596 4.89370
-0.08394 5.31017
0.24525 3.29549
-0.59512 5.43858
2.28154 5.45959
0.72644 6.67870
0.17391 4.15584
-2.27052 4.77799
-0.95927 5.00905
-0.59814 4.18529
1.00662 5.92411
-0.32469 4.43462
2.72851 4.69845
0.26601 6.53590
0.22358 6.04979
-1.77319 5.84360
0.08011 4.89771
1.21137 6.67543
1.13374 4.65673
2.69591 4.92049
2.40737 6.05973
3.36569 3.60174
2.16691 4.88350
2.58080 3.77584
1.19122 8.08704
3.24036 3.27942
2.73066 5.05246
1.32149 3.28944
2.67760 5.62546
2.60962 5.94082
3.76097 4.57167
3.72294 5.94054
0.24508 4.66946
0.73099 5.19827
1.95585 5.69493
2.26963 5.05346
3.32815 4.55007
2.76638 3.65529
3.01128 3.05756
0.96422 4.25468
2.78053 4.54820
2.30556 3.66577
4.71858 4.18070
1.89369 5.60933
1.20794 5.55870
0.54757 6.66805
1.62555 5.95742
0.49689 5.01596
1.22139 5.05576
1.38649 4.44178
0.80134 3.13722
2.73304 4.31848
0.72011 4.86033
0.91238 6.38692
0.22965 5.14179
2.36706 7.48837
3.68146 5.46092
1.99340 4.65251
1.09379 6.37909
1.51435 4.89939
-0.53125 3.54564
2.36230 5.90596
1.77230 5.54461
1.96787 6.56327
1.06777 4.63886
1.88148 5.91432
1.72159 4.90821
2.07752 4.90127
1.82409 5.28158
2.48863 3.66800
0.80731 4.92515
2.10865 2.12020
2.93873 5.28905
2.85929 4.34474
-1.16995 6.60038
3.60845 3.93456
1.75843 3.98280
1.78465 4.21795
2.33593 6.27866
2.26617 5.52185
2.49594 3.74333
2.01482 5.29135
1.05745 4.76919
2.93868 4.77043
0.08633 4.21598
1.29364 6.00415
1.97810 6.55185
2.59311 4.07301
2.51154 5.63123
1.31558 4.04863
2.45902 2.98643
-0.39848 5.00829
1.49477 1.70508
1.73149 6.20110
0.23936 6.31745
2.76382 6.56655
0.85529 5.31925
1.93410 4.94989
1.84312 4.25377
2.24740 4.76028
-0.72661 6.07675
2.00096 6.33507
3.21463 4.54386
1.62847 5.69704
3.23381 3.09114
3.53630 5.63034
1.97639 6.28956
0.35031 3.79877
0.70092 3.41968
0.09631 5.61551
0.95041 3.99066
2.45248 4.07812
2.19954 6.02725
-0.27126 4.24631
1.21447 4.05191
1.37591 4.91240
0.14088 5.90421
0.83074 5.84901
2.02820 4.33642
1.72619 4.09663
1.37201 3.75343
0.73160 6.58238
1.25499 3.82436
1.69702 5.22076
3.83616 4.28852
2.12895 5.32435
1.40816 3.60500
1.45673 5.77400
0.64478 4.29210
0.99086 2.72980
1.98987 5.89342
0.95769 5.90100
3.06875 4.19281
1.82990 5.07129
0.96842 5.07321
1.90817 3.45348
1.19798 4.23843
1.09077 6.29790
2.03414 3.84295
1.59258 4.71532
2.59975 5.46797
2.67816 5.29797
0.40784 2.97945
2.24156 5.21191
2.75881 5.76288
2.46549 3.71997
0.93302 5.23979
3.10477 4.74427
2.12812 5.72929
1.06885 5.83720
0.87512 5.40430
0.41014 3.70281
-0.04956 4.54827
3.44639 5.58959
1.66078 5.98512
3.33919 4.25313
2.62974 5.01404
2.38412 5.24456
0.88670 6.81779
2.12358 3.14181
2.41608 4.79527
1.43576 5.54507
0.68332 6.25232
3.29372 4.65268
3.10793 5.05525
0.62020 4.74400
2.25564 4.11080
2.16815 5.30242
1.62443 6.28894
2.67112 4.63311
1.39763 4.84068
1.55933 5.27993
2.93149 5.94657
3.16571 3.66819
3.27919 5.32168
2.95671 5.82844
3.00987 4.75774
3.01436 5.28151
3.68547 4.34364
3.57673 5.42795
1.55377 4.02018
1.17907 4.33823
2.94018 4.28979
1.82214 4.76416
1.57563 4.49736
0.80310 3.78306
1.62215 3.28373
2.89115 5.53511
1.61022 5.39007
3.64196 4.63558
1.95863 7.71519
2.01356 3.37454
2.51898 5.89428
3.17361 4.45433
3.16413 2.12395
2.40356 5.23895
2.89739 4.51197
2.62365 3.71378
1.87075 4.17624
3.40551 4.58296
3.25708 4.76105
-0.13197 4.65154
1.90516 4.82111
3.20485 7.54995
1.52446 4.61733
1.96558 6.15397
2.33305 5.12701
0.69079 6.95469
1.51007 4.68467
-0.09481 3.90009
2.63501 5.07361
3.18990 3.13843
1.08383 3.65804
3.43968 5.58768
3.10920 3.88458
1.78766 5.85764
2.34049 3.41997
1.19158 4.28015
2.25484 4.94802
3.08565 5.53079
1.99247 4.36330
5.55107 4.49487
4.06374 4.73499
5.10389 6.58317
2.45625 4.15666
4.53585 3.19696
3.24582 2.60208
2.45856 7.44636
6.36249 7.23640
5.11052 7.64958
3.90289 2.19147
4.29555 6.30085
2.36214 4.70745
3.79530 5.78202
2.95321 4.85532
3.73013 5.51783
4.77618 5.67499
3.35588 5.21378
4.14342 5.94386
3.01622 3.30083
4.96720 5.54906
2.75559 4.90003
5.56476 5.53065
4.97133 6.14294
4.64047 4.69848
3.48772 5.27677
4.58110 5.90172
4.77130 5.23430
5.10291 6.25932
3.38147 5.08270
2.75760 5.76233
4.32877 4.44609
2.91348 4.71849
4.41715 5.26114
3.43589 6.03594
4.58492 4.73729
3.60673 6.44552
4.94907 5.96589
4.73718 5.19557
3.60449 6.65939
3.90961 5.93945
4.82669 5.24880
2.47391 5.93477
4.03473 5.43095
4.89066 6.05651
4.20380 6.03635
4.77612 5.84529
4.88666 2.76078
2.94071 7.15091
4.10697 2.90405
2.85160 5.67622
3.65553 4.21667
3.57293 3.98898
4.00185 4.85781
3.73481 6.00287
5.18445 3.94518
4.21396 4.26825
4.99559 3.87466
3.17973 4.77198
3.76332 5.70505
4.03014 4.41365
4.78338 4.87872
5.86226 5.70662
4.28134 5.23152
3.35745 5.78610
3.67251 5.66994
2.88332 4.24036
3.52321 5.50992
4.18914 3.54431
4.15886 4.04164
4.59395 4.20367
3.07698 5.80800
3.39527 4.94266
2.53223 5.61506
5.55237 5.14340
4.91174 5.21526
4.56547 5.24891
4.03516 5.28843
3.39823 4.72979
2.30078 6.23550
4.04926 5.18787
4.15575 4.28929
3.32200 4.77795
2.56227 4.97180
5.17431 5.48540
2.92505 4.92827
4.89953 4.26304
2.14894 4.57969
3.59322 5.20315
5.41615 4.36716
4.50197 4.41670
4.41237 3.17290
4.35339 4.33475
5.26206 5.06135
3.16082 3.10042
4.57186 4.41853
3.92284 4.13515
2.56196 5.78868
4.66706 6.30305
3.24628 3.63526
3.54743 6.05815
1.66923 3.78204
2.24679 3.93800
4.82735 5.07735
3.65434 6.37311
5.01765 5.36878
1.25465 6.22317
2.54757 4.58202
5.54577 4.18956
3.74026 4.31056
3.68409 4.48941
4.72890 4.69508
3.63699 5.37818
4.85997 6.18483
4.70573 4.64260
5.09934 3.99420
4.10393 5.81195
3.19576 5.14662
4.00024 4.20478
5.65655 3.86635
4.01025 5.18763
2.85686 4.18389
3.34495 3.92697
4.39712 5.30250
3.97803 5.01617
3.50887 6.38807
4.14484 4.08291
4.14768 4.64439
2.45722 6.30659
4.46841 4.75338
3.98429 5.50239
1.97542 3.91997
5.97474 5.27088
4.75620 4.31553
3.02318 4.63306
3.10021 5.44952
1.98798 4.66277
5.82686 5.73325
3.48652 4.40288
4.20542 4.91771
2.44177 5.22606
4.09420 6.45834
4.59490 4.88254
4.57675 4.27801
4.05507 6.75195
3.83795 5.72167
5.16952 4.83682
3.92418 6.07810
3.01306 5.28973
3.56788 3.22706
3.39428 7.64875
3.26035 4.35766
3.67071 3.65142
3.45790 5.74267
4.83274 3.66292
4.96089 5.51996
3.91191 4.70696
3.30906 4.81775
5.88357 6.10226
3.17375 5.17983
3.39589 5.50426
4.30146 6.26183
4.67994 4.70841
5.23492 5.19155
4.45068 5.70594
6.03839 6.22342
3.00855 5.13822
3.69421 4.74340
3.50261 4.46250
4.20087 5.66966
4.28985 4.86198
5.31480 4.68216
3.29280 5.04527
4.14812 4.19532
3.00126 6.36834
3.96943 5.48914
3.53387 3.44451
4.06461 4.38481
2.97477 5.39739
3.08815 5.69336
5.41953 4.79999
4.94406 6.70687
4.39156 4.31952
4.77630 5.43869
3.57695 5.11019
2.56396 5.55698
3.69147 7.03655
4.43639 3.97804
4.64442 5.89486
3.02098 4.72170
2.53783 5.24516
4.28209 6.59323
6.05669 6.63760
4.11109 4.53940
6.06287 3.82051
4.84387 5.22327
3.48352 5.07137
5.16684 5.79422
5.07138 6.31249
6.00511 5.71178
5.47331 6.42043
6.70340 6.65015
6.59226 4.68127
7.22465 3.06529
8.28240 6.31141
4.40239 5.04832
6.22331 4.95099
7.55172 3.98760
4.62513 6.04078
5.95317 3.18647
5.15954 4.76514
4.83776 4.22473
5.89967 3.54565
5.13453 5.35680
5.31939 5.05493
8.16803 5.32274
6.98854 4.25318
5.79609 5.73252
6.28825 4.17139
5.39524 3.74436
4.75628 5.27446
6.03140 5.91892
5.41625 3.31089
7.06515 4.20146
7.06588 6.15607
3.71602 4.26635
6.04728 7.71861
6.26729 4.03493
6.30550 5.75887
5.71471 3.46753
4.93858 5.61001
7.01730 4.76996
6.31627 6.98316
5.48771 4.56955
5.37022 6.02790
6.36683 6.02318
5.31079 6.35657
6.36525 4.31494
4.55632 4.57595
7.06935 4.24604
5.66550 4.69524
6.06637 5.25529
6.61248 4.46733
6.84216 5.13377
5.70065 4.84319
5.08677 5.61133
6.17913 6.05053
6.15123 3.52906
6.42220 3.69180
5.87208 4.26035
5.44743 5.80399
4.83988 3.62192
6.62231 5.20746
7.04025 5.30729
5.18958 5.97554
4.91415 6.63224
6.21654 4.56665
6.11943 5.39074
5.20585 4.26203
5.55853 4.98896
5.93042 4.74400
6.35881 5.27225
5.38766 5.98324
5.67139 4.78768
6.17203 5.67668
4.87773 4.26027
6.40994 5.51430
6.01055 7.03855
5.71611 4.36809
4.97529 5.18995
5.60316 5.33971
5.09066 6.99175
5.99383 4.63286
7.61828 3.92919
6.52458 4.89939
5.28122 5.33022
5.83812 3.47769
4.96824 6.37457
5.16431 5.39021
5.39418 5.01258
5.53316 5.50048
5.99548 2.90702
5.02087 6.28159
6.44150 5.26035
6.21704 5.02051
5.83762 5.33173
5.24061 5.30548
5.57281 3.98918
6.28320 3.52872
6.67625 3.41197
5.78551 5.15329
5.53023 6.21453
5.37711 3.90791
6.33092 3.46423
5.35673 5.47420
6.85698 4.66346
5.63520 5.63578
7.35374 4.65168
7.71350 6.57478
6.16834 4.38587
6.74810 4.14934
5.93685 5.16994
4.11588 4.25206
5.62341 5.11454
6.54643 4.84997
6.47575 5.48111
5.73424 3.45757
4.88888 5.33225
5.71185 4.25189
6.46823 4.81674
4.32804 4.24837
5.36163 5.53850
6.41975 4.04261
4.52530 6.18343
7.16074 5.21854
6.42805 3.60292
5.59132 5.35897
6.60355 5.04958
6.21410 5.13603
7.51762 6.58608
4.12125 7.21717
6.70795 4.94090
6.30715 5.68257
5.67836 4.85086
6.00850 3.78138
7.84150 5.54864
7.72079 5.40705
5.40417 6.39230
6.78838 5.56712
6.17509 4.24305
6.26708 4.48246
6.92915 4.41037
4.32051 5.52154
4.60979 5.55231
3.40554 5.61500
7.77023 5.55111
6.79409 5.55835
7.32852 3.72559
5.34080 4.82968
5.16643 7.21028
5.63202 5.03517
5.62945 3.98471
5.85067 5.93105
4.92915 5.63739
5.56307 5.00392
5.26217 6.86443
4.77600 5.77437
6.02286 4.85128
6.28794 5.07725
6.36636 4.52488
6.85657 4.60116
5.63118 6.46903
6.64619 5.46257
6.61682 2.83696
6.48789 5.15865
6.92226 5.11041
7.41556 5.70953
6.42530 5.71920
6.08074 6.44557
4.11814 4.89271
8.54845 4.45217
5.57648 5.14340
5.99029 4.63602
6.20946 5.80263
5.20474 5.71244
6.03321 4.59430
5.18727 3.52127
5.63288 4.08571
5.92869 4.54563
4.78178 5.34977
6.69537 4.10699
5.61610 4.45976
5.40217 4.56666
6.11325 4.16946
5.76143 3.31585
6.67773 5.11734
6.01045 2.46713
6.00513 6.51923
5.71766 4.90083
5.23187 4.03451
5.97883 6.63082
6.51342 2.29325
6.41622 5.06868
6.87977 5.36187
5.25416 4.75718
5.51658 3.69036
4.72306 4.74465
6.11872 5.86495
6.78367 5.88307
7.79506 4.18116
6.69745 5.56464
6.67325 3.83403
7.00639 4.31983
5.79391 4.67798
5.38207 6.20606
4.68581 5.71107
6.48856 4.84006
5.75612 4.31029
5.40205 3.29036
